NaN,0,1,2,3,4,5,6,7,8,9,10,11,12,13,14,15
0,8.6222,-8.2226,6.9471,12.243,-0.99047,9.1445,14.261,7.9334,3.0066,9.0313,9.7812,13.151,16.748,16.91,12.76,10.821
1,-1.2125,-12.673,4.5861,9.3494,1.1865,4.9206,10.592,6.4821,-2.849,6.9511,5.1272,8.9988,13.969,13.816,15.973,5.8228
2,-0.49588,-12.67,11.184,16.088,-3.1342,13.66,19.267,14.17,-0.054669,11.291,6.9714,11.069,15.623,14.166,17.739,12.145
3,-1.9582,-1.0392,7.0406,8.6886,6.6473,4.3564,11.181,3.9668,2.7368,8.0898,2.8634,4.1486,7.9644,5.0625,2.2615,2.6553
4,-9.0682,0.81988,0.35566,3.6694,6.9727,-5.0553,3.0703,-4.6839,-2.1797,-10.649,-7.7644,-7.6631,-3.0666,-7.4562,-4.9618,-5.371
5,-6.4234,10.631,-6.6123,-2.6701,2.8349,-7.938,-6.6083,-7.0009,-0.86835,-1.2296,-1.1933,-0.37337,-12.401,-2.2105,-10.822,-5.8764
6,-3.4203,-0.23359,-2.4083,0.82745,2.4485,-2.2071,-0.97002,-0.17104,-1.5425,-4.2946,3.2523,0.84982,-5.643,2.7054,-6.538,-1.4519
7,0.026932,-5.6672,4.1745,7.2177,-0.57373,5.9797,6.912,10.257,4.4514,1.5018,7.9794,4.737,1.591,7.3255,4.1068,9.221
8,3.3754,-2.0362,4.3513,5.2783,3.9894,3.2951,6.5438,8.8984,10.35,9.2732,6.5292,6.5705,6.4884,9.7298,10.385,14.254
9,5.4823,3.4934,3.7914,0.4447,11.655,0.56689,6.6208,3.8732,1.0319,-4.9363,3.2986,5.5508,10.407,10.542,15.209,9.449
10,-6.4265,10.658,-6.6867,-2.7371,2.8622,-7.933,-6.651,-7.0254,-0.79587,-1.2011,-1.2069,-0.42512,-12.382,-2.2584,-10.756,-5.8764
11,-3.4466,-0.19657,-2.3732,0.83469,2.4605,-2.2014,-0.91604,-0.18871,-1.5553,-4.2481,3.2179,0.87532,-5.7036,2.7154,-6.5218,-1.4519
12,-0.036679,-5.6827,4.1355,7.1851,-0.54882,6.06,6.8374,10.188,4.4343,1.5102,8.0074,4.7407,1.5767,7.3775,4.0779,9.221
13,3.3888,-2.0302,4.3268,5.1848,3.9718,3.3578,6.5636,8.8825,10.259,9.2482,6.5402,6.5705,6.4257,9.6646,10.376,14.254
14,5.4905,3.5143,3.7987,0.47324,11.662,0.56211,6.5584,3.9395,0.98563,-4.9614,3.2664,5.5384,10.423,10.62,15.229,9.449
15,-6.43,10.657,-6.6578,-2.7568,2.8879,-7.848,-6.6574,-7.0602,-0.8142,-1.2527,-1.1585,-0.42398,-12.415,-2.2379,-10.766,-5.8764
16,-3.4316,-0.1661,-2.3787,0.84707,2.4332,-2.1417,-0.97451,-0.1797,-1.5087,-4.226,3.219,0.84401,-5.6497,2.6817,-6.5939,-1.4519
17,-0.062595,-5.6437,4.164,7.1488,-0.58403,6.019,6.8953,10.263,4.4027,1.5208,7.9879,4.7212,1.5983,7.3901,4.089,9.221
18,3.3721,-2.0326,4.2938,5.2713,3.9576,3.2889,6.5556,8.8477,10.299,9.2907,6.4848,6.5409,6.4361,9.6945,10.414,14.254
19,5.5597,3.5056,3.7898,0.45715,11.652,0.56205,6.5486,3.9351,1.0082,-4.9102,3.3408,5.592,10.347,10.605,15.17,9.449
20,-6.4178,10.688,-6.6723,-2.7656,2.8499,-7.9353,-6.619,-6.992,-0.86009,-1.2095,-1.2019,-0.40193,-12.337,-2.2752,-10.772,-5.8764
21,-3.4621,-0.16038,-2.3247,0.82741,2.3904,-2.2105,-0.89934,-0.19489,-1.5618,-4.3032,3.2449,0.87814,-5.6209,2.688,-6.5926,-1.4519
22,-0.033603,-5.6431,4.1806,7.2004,-0.56386,5.9911,6.8674,10.249,4.4185,1.5188,8.0022,4.7785,1.6049,7.387,4.1189,9.221
23,3.374,-2.0748,4.3583,5.2422,3.9774,3.2791,6.5368,8.8286,10.255,9.2717,6.4682,6.5362,6.398,9.7249,10.433,14.254
24,5.5023,3.4737,3.7925,0.39085,11.67,0.60345,6.5895,3.8692,0.98755,-4.9835,3.3209,5.5153,10.399,10.573,15.253,9.449
25,-6.4458,10.609,-6.7015,-2.7228,2.7974,-7.8454,-6.6934,-6.9994,-0.86507,-1.1958,-1.1584,-0.42044,-12.377,-2.2505,-10.749,-5.8764
26,-3.4174,-0.20644,-2.4152,0.85188,2.4267,-2.1837,-0.97792,-0.19577,-1.497,-4.2874,3.2687,0.87197,-5.6315,2.6999,-6.5407,-1.4519
27,-0.0041053,-5.6867,4.1537,7.2338,-0.53749,6.05,6.9042,10.242,4.3713,1.5598,8.0244,4.7763,1.5562,7.3429,4.0821,9.221
28,3.3873,-2.063,4.2857,5.2294,3.9505,3.2964,6.5464,8.8557,10.283,9.2543,6.5203,6.5659,6.4633,9.706,10.42,14.254
29,5.4748,3.5022,3.7848,0.45708,11.584,0.5707,6.5493,3.8899,1.0477,-4.9315,3.3376,5.5799,10.361,10.573,15.241,9.449
30,-6.3727,10.621,-6.6137,-2.7187,2.8384,-7.9005,-6.634,-7.0272,-0.84642,-1.2125,-1.1411,-0.41322,-12.355,-2.2724,-10.822,-5.8764
31,-3.4418,-0.18787,-2.3965,0.81184,2.4433,-2.2072,-0.93857,-0.183,-1.5849,-4.28,3.2596,0.82309,-5.6871,2.6558,-6.5852,-1.4519
32,0.032453,-5.6984,4.1545,7.1989,-0.51,6.0312,6.8232,10.264,4.4242,1.518,8.0378,4.7946,1.5896,7.3353,4.0279,9.221
33,3.4342,-2.0641,4.3075,5.2086,3.9467,3.3563,6.6216,8.9007,10.287,9.2964,6.4771,6.5915,6.4197,9.7269,10.441,14.254
34,5.511,3.455,3.7663,0.42356,11.625,0.58169,6.6181,3.8536,0.97282,-4.9359,3.2714,5.5713,10.417,10.614,15.258,9.449
35,-6.4031,10.655,-6.6507,-2.7207,2.8743,-7.9278,-6.6634,-7.0538,-0.79503,-1.1678,-1.1749,-0.42497,-12.393,-2.208,-10.766,-5.8764
36,-3.4375,-0.24316,-2.4078,0.76814,2.427,-2.1804,-0.90117,-0.16432,-1.4934,-4.3048,3.2584,0.84065,-5.6493,2.6374,-6.5284,-1.4519
37,0.0082118,-5.6259,4.163,7.2303,-0.57636,6.0173,6.8671,10.192,4.4096,1.5578,8.0745,4.742,1.5583,7.3776,4.1085,9.221
38,3.3832,-1.9881,4.3231,5.2627,3.9955,3.3015,6.5506,8.8809,10.354,9.2878,6.5451,6.5891,6.4243,9.6412,10.461,14.254
39,5.5632,3.5079,3.7962,0.48602,11.611,0.61302,6.6119,3.8488,0.98775,-4.9767,3.2578,5.5251,10.43,10.571,15.199,9.449
40,-0.15952,-2.507,-8.4613,-13.578,-2.2568,-3.8985,-11.451,-2.3209,2.6664,4.515,11.269,14.96,3.226,-4.6844,-2.5424,-5.8494
41,-4.0373,-1.8776,-1.1722,1.854,-5.4566,0.82907,0.063919,3.2709,-5.2351,2.4084,6.6713,9.827,-1.7271,-6.982,-6.7925,-10.249
42,2.2538,0.83958,1.2882,5.623,-3.0012,1.8899,5.8777,4.0772,-4.9956,4.5021,3.2332,3.8551,-1.652,1.6417,-9.4096,-0.40808
43,6.0532,-1.3273,1.1699,8.7834,-4.1642,0.30198,8.6802,1.1592,-4.7858,-8.6093,0.91659,-1.3209,-1.2041,9.2626,0.60461,8.667
44,-3.2545,-3.0471,2.7757,11.524,-5.5208,1.1485,11.046,0.71692,-1.0939,-18.051,-10.484,-12.039,-8.3292,2.528,3.3112,5.1547
45,6.2835,-4.0834,5.7553,11.716,-0.44713,6.0036,12.777,9.7663,-3.7183,-7.0868,6.4006,12.737,15.27,14.15,9.109,9.8579
46,-4.8265,-1.1846,5.6458,9.9996,3.1927,1.8027,9.7914,0.99484,-3.1555,-7.814,-1.8023,2.3219,5.6805,5.6105,6.7566,-0.52486
47,3.847,-1.9181,16.1,23.16,0.18463,8.9178,13.119,7.1738,-4.0014,-9.5879,-2.9527,-1.1495,-0.043621,1.3007,9.2257,-2.6042
48,3.8072,3.7184,18.528,21.506,2.3286,8.8542,8.3488,4.8815,0.6113,-2.1682,5.7438,1.4304,0.34492,3.402,1.252,3.5458
49,2.5393,5.4347,19.25,20.089,-2.5281,12.275,8.0011,5.6002,-0.18639,-1.3851,7.4713,-2.6994,-5.6319,-1.1406,-6.131,-5.1569
50,6.308,-4.0153,5.7742,11.781,-0.38616,5.9811,12.72,9.6933,-3.7174,-7.1269,6.3466,12.772,15.314,14.193,9.1537,9.8579
51,-4.7736,-1.1488,5.6275,10.049,3.2292,1.7902,9.7883,1.0428,-3.1421,-7.7526,-1.8939,2.3577,5.637,5.6108,6.7486,-0.52486
52,3.8664,-1.9606,16.107,23.174,0.16177,8.9336,13.113,7.1679,-4.0115,-9.6241,-2.9712,-1.0769,-0.051091,1.3421,9.2889,-2.6042
53,3.8847,3.7283,18.532,21.505,2.342,8.9185,8.4081,4.8857,0.56467,-2.1567,5.7138,1.3517,0.29026,3.3888,1.1927,3.5458
54,2.5285,5.4401,19.296,20.128,-2.4825,12.219,7.9617,5.6347,-0.20438,-1.3926,7.4408,-2.6589,-5.6824,-1.1983,-6.1362,-5.1569
55,6.2274,-4.0586,5.8383,11.767,-0.43744,6.041,12.793,9.703,-3.7333,-7.1286,6.3671,12.731,15.285,14.155,9.093,9.8579
56,-4.7706,-1.1801,5.6041,10.051,3.2323,1.8298,9.8311,0.98764,-3.1365,-7.7467,-1.8728,2.3102,5.6725,5.6625,6.7247,-0.52486
57,3.8473,-1.9779,16.075,23.168,0.167,8.912,13.094,7.1959,-3.9553,-9.5756,-2.9708,-1.1419,-0.084167,1.3287,9.2365,-2.6042
58,3.849,3.6633,18.531,21.521,2.3425,8.8906,8.3748,4.8065,0.54056,-2.1961,5.6865,1.3798,0.31569,3.4219,1.1873,3.5458
59,2.4722,5.4507,19.265,20.102,-2.4448,12.24,7.9446,5.5829,-0.15964,-1.3518,7.4552,-2.6856,-5.6647,-1.1457,-6.0998,-5.1569
60,6.2299,-4.0263,5.7629,11.709,-0.44877,5.969,12.717,9.7507,-3.7574,-7.139,6.3567,12.752,15.297,14.162,9.073,9.8579
61,-4.7593,-1.1747,5.5999,10.037,3.2329,1.8305,9.7875,1.0545,-3.1521,-7.8008,-1.8415,2.2838,5.6435,5.6448,6.6662,-0.52486
62,3.9103,-1.9609,16.111,23.257,0.15588,8.9526,13.094,7.2561,-3.9242,-9.6494,-2.9667,-1.0668,-0.045336,1.2793,9.2021,-2.6042
63,3.8769,3.6899,18.533,21.516,2.3122,8.8632,8.3547,4.8769,0.59263,-2.1391,5.7016,1.3734,0.32617,3.3929,1.1999,3.5458
64,2.5322,5.4293,19.26,20.133,-2.4845,12.225,7.979,5.6029,-0.17589,-1.3929,7.463,-2.6732,-5.7055,-1.1431,-6.1324,-5.1569
65,6.2296,-4.0454,5.7716,11.708,-0.41033,5.9583,12.714,9.6984,-3.7539,-7.1472,6.3318,12.732,15.299,14.212,9.1377,9.8579
66,-4.7686,-1.116,5.6494,10.074,3.2368,1.8181,9.7574,1.0241,-3.1903,-7.7555,-1.8285,2.2837,5.6324,5.6049,6.6845,-0.52486
67,3.9177,-1.9765,16.158,23.226,0.1596,8.955,13.14,7.1899,-4.0094,-9.5983,-3.011,-1.1561,-0.11416,1.349,9.2105,-2.6042
68,3.8899,3.6764,18.536,21.573,2.3092,8.8456,8.3413,4.8127,0.52131,-2.1303,5.7012,1.3472,0.3065,3.3552,1.1623,3.5458
69,2.5213,5.4701,19.239,20.113,-2.4948,12.277,7.9827,5.611,-0.22699,-1.4149,7.4342,-2.703,-5.6682,-1.1389,-6.0935,-5.1569
70,6.2871,-4.0162,5.8151,11.783,-0.39943,5.9561,12.771,9.7133,-3.7571,-7.1589,6.325,12.696,15.324,14.151,9.1328,9.8579
71,-4.799,-1.0997,5.637,10.029,3.1591,1.8415,9.8141,1.0596,-3.1465,-7.8099,-1.8219,2.3348,5.6843,5.6766,6.7076,-0.52486
72,3.919,-1.9087,16.08,23.232,0.1292,8.9141,13.119,7.1687,-3.9934,-9.5991,-3.0145,-1.1292,-0.09344,1.2831,9.2752,-2.6042
73,3.884,3.7081,18.6,21.507,2.3088,8.8762,8.3836,4.8907,0.58089,-2.1832,5.6707,1.4194,0.3143,3.412,1.1777,3.5458
74,2.456,5.4326,19.281,20.152,-2.5274,12.236,8.0141,5.5671,-0.15465,-1.366,7.381,-2.6558,-5.6371,-1.2075,-6.1886,-5.1569
75,6.2811,-4.0309,5.7953,11.705,-0.44535,6.042,12.71,9.7401,-3.7813,-7.1727,6.3442,12.748,15.294,14.208,9.1524,9.8579
76,-4.8549,-1.1183,5.6196,10.01,3.1855,1.8587,9.8283,1.032,-3.1173,-7.7723,-1.8835,2.2949,5.6757,5.6739,6.7284,-0.52486
77,3.9292,-1.9242,16.094,23.229,0.15841,8.9534,13.146,7.1729,-4.0096,-9.6296,-2.9728,-1.1577,-0.047989,1.313,9.2348,-2.6042
78,3.8899,3.7455,18.6,21.507,2.2905,8.8476,8.3528,4.8072,0.55103,-2.2031,5.7325,1.411,0.32307,3.3941,1.2442,3.5458
79,2.4659,5.3827,19.286,20.133,-2.4369,12.232,7.9584,5.57,-0.18339,-1.3612,7.4218,-2.6994,-5.71,-1.1746,-6.1257,-5.1569
80,6.2908,-4.0672,5.7834,11.706,-0.42828,6.0486,12.719,9.7234,-3.7679,-7.095,6.356,12.725,15.331,14.206,9.1577,9.8579
81,-4.8358,-1.1922,5.6175,10.026,3.2265,1.7806,9.8148,0.99726,-3.2014,-7.8288,-1.8064,2.3376,5.7227,5.6615,6.7507,-0.52486
82,3.8745,-1.9714,16.148,23.244,0.19772,8.9532,13.182,7.2162,-3.9798,-9.617,-3.0251,-1.1308,-0.11464,1.3357,9.2181,-2.6042
83,3.8341,3.7092,18.53,21.532,2.2892,8.8477,8.4068,4.8764,0.59539,-2.2036,5.6889,1.3914,0.30486,3.4133,1.1776,3.5458
84,2.494,5.4543,19.318,20.105,-2.5231,12.252,7.9177,5.6603,-0.22521,-1.3926,7.4215,-2.6944,-5.702,-1.2099,-6.1908,-5.1569
85,6.2383,-4.0547,5.8268,11.718,-0.37541,6.0089,12.728,9.6725,-3.7513,-7.1428,6.3484,12.764,15.268,14.164,9.1322,9.8579
86,-4.8451,-1.1443,5.5876,10.066,3.2307,1.8494,9.7975,1.0284,-3.1176,-7.8376,-1.8725,2.2612,5.632,5.6466,6.749,-0.52486
87,3.9259,-1.883,16.065,23.247,0.15669,8.8763,13.143,7.2278,-3.9509,-9.6242,-2.9891,-1.0679,-0.090101,1.3306,9.2138,-2.6042
88,3.8089,3.7347,18.565,21.55,2.3067,8.8799,8.3822,4.7982,0.52098,-2.202,5.7608,1.365,0.35477,3.3715,1.1727,3.5458
89,2.5298,5.3994,19.304,20.157,-2.467,12.226,7.9665,5.5718,-0.15446,-1.3575,7.4643,-2.6562,-5.6449,-1.21,-6.1387,-5.1569
90,6.3065,-4.0807,5.7801,11.783,-0.39565,5.9536,12.764,9.6976,-3.7245,-7.0945,6.3458,12.704,15.24,14.169,9.1133,9.8579
91,-4.8223,-1.1407,5.6195,10.006,3.1697,1.8007,9.8172,1.059,-3.1486,-7.7569,-1.814,2.3039,5.6375,5.6439,6.6984,-0.52486
92,3.9318,-1.8887,16.147,23.219,0.15288,8.9364,13.089,7.2013,-3.9799,-9.5723,-2.9899,-1.1431,-0.11985,1.3214,9.2653,-2.6042
93,3.8672,3.6798,18.584,21.526,2.3008,8.9126,8.3768,4.86,0.58504,-2.1526,5.6834,1.3647,0.29007,3.3681,1.1767,3.5458
94,2.4882,5.4376,19.29,20.083,-2.479,12.235,8.0085,5.5749,-0.14862,-1.3789,7.4198,-2.6632,-5.6808,-1.1809,-6.1593,-5.1569
95,6.2319,-4.0897,5.7827,11.748,-0.44645,5.9576,12.746,9.7485,-3.7069,-7.0983,6.3302,12.727,15.264,14.17,9.07,9.8579
96,-4.7849,-1.18,5.5643,10.051,3.1804,1.7764,9.8277,1.0399,-3.1355,-7.7984,-1.8647,2.2773,5.6988,5.6198,6.6852,-0.52486
97,3.8487,-1.948,16.08,23.245,0.12038,8.9349,13.1,7.2223,-3.9548,-9.6483,-3.023,-1.0964,-0.054834,1.3034,9.2209,-2.6042
98,3.8167,3.7335,18.585,21.564,2.2606,8.8571,8.3746,4.8162,0.53538,-2.1926,5.6933,1.3885,0.33841,3.3314,1.1908,3.5458
99,2.5369,5.4743,19.287,20.105,-2.4492,12.218,7.9596,5.6123,-0.14978,-1.3517,7.4368,-2.6806,-5.7123,-1.1223,-6.0986,-5.1569
100,6.3163,-4.0209,5.7482,11.717,-0.43155,5.9797,12.802,9.7499,-3.7562,-7.1425,6.373,12.724,15.264,14.162,9.1215,9.8579
101,-4.7995,-1.1154,5.5591,10.017,3.2211,1.7945,9.7515,1.0276,-3.1866,-7.8051,-1.8202,2.2919,5.6787,5.6314,6.7242,-0.52486
102,3.8495,-1.9643,16.11,23.237,0.16292,8.9027,13.147,7.2511,-3.9588,-9.6122,-2.9529,-1.0893,-0.096525,1.2847,9.2202,-2.6042
103,3.8636,3.6952,18.584,21.599,2.2596,8.8536,8.32,4.8425,0.59249,-2.1468,5.695,1.3664,0.36743,3.3798,1.2271,3.5458
104,2.5293,5.422,19.275,20.12,-2.4928,12.251,7.9599,5.6186,-0.15566,-1.3767,7.4079,-2.7072,-5.7053,-1.1461,-6.1166,-5.1569
105,6.2829,-4.1026,5.7811,11.751,-0.44505,6.0426,12.744,9.7692,-3.6906,-7.1634,6.372,12.735,15.308,14.224,9.0978,9.8579
106,-4.8495,-1.1869,5.6442,9.9964,3.1582,1.7841,9.7914,1.0011,-3.1406,-7.782,-1.8526,2.3061,5.7185,5.6193,6.6737,-0.52486
107,3.9155,-1.8934,16.158,23.223,0.20384,8.953,13.163,7.1779,-3.9932,-9.6086,-2.9882,-1.1573,-0.11746,1.2885,9.2103,-2.6042
108,3.8054,3.6611,18.61,21.517,2.2898,8.9177,8.3378,4.8379,0.60994,-2.1714,5.6726,1.4132,0.37676,3.3245,1.2244,3.5458
109,2.4682,5.4248,19.242,20.151,-2.5336,12.223,7.9547,5.58,-0.17089,-1.3716,7.4036,-2.6972,-5.6349,-1.1827,-6.1325,-5.1569
110,6.2834,-4.1079,5.8161,11.732,-0.45336,6.0354,12.709,9.7253,-3.7866,-7.1205,6.3464,12.678,15.237,14.226,9.0964,9.8579
111,-4.8441,-1.1117,5.5775,10.036,3.2192,1.8297,9.7896,1.016,-3.1736,-7.8201,-1.886,2.3487,5.7304,5.6288,6.6628,-0.52486
112,3.925,-1.9026,16.093,23.242,0.1237,8.8861,13.116,7.1624,-3.9553,-9.6117,-3.0013,-1.1064,-0.025421,1.3218,9.2825,-2.6042
113,3.8309,3.7241,18.62,21.589,2.2868,8.849,8.3225,4.8029,0.56425,-2.2083,5.7055,1.3786,0.36704,3.4173,1.1691,3.5458
114,2.5096,5.4788,19.233,20.101,-2.5118,12.206,7.9601,5.6332,-0.15417,-1.3382,7.4707,-2.6887,-5.6276,-1.1373,-6.0995,-5.1569
115,6.2948,-4.0855,5.7716,11.784,-0.43264,6.039,12.796,9.6846,-3.783,-7.1461,6.4003,12.737,15.238,14.185,9.099,9.8579
116,-4.8465,-1.1525,5.6535,10.073,3.1598,1.7761,9.795,1.0202,-3.1354,-7.7948,-1.8238,2.3157,5.6312,5.63,6.7553,-0.52486
117,3.8816,-1.9591,16.09,23.177,0.17689,8.941,13.115,7.211,-3.9477,-9.5763,-2.9612,-1.0925,-0.074433,1.3086,9.271,-2.6042
118,3.7984,3.6691,18.621,21.551,2.3081,8.9379,8.3373,4.8075,0.58963,-2.1964,5.7385,1.4034,0.3367,3.3435,1.1604,3.5458
119,2.5277,5.4555,19.266,20.167,-2.4362,12.275,7.9689,5.6141,-0.18321,-1.4152,7.4187,-2.6756,-5.7151,-1.1805,-6.185,-5.1569
120,6.2459,-4.1036,5.7515,11.694,-0.45264,6.0345,12.706,9.6999,-3.7554,-7.1148,6.3656,12.748,15.333,14.186,9.0909,9.8579
121,-4.8538,-1.1773,5.6046,10.007,3.1855,1.8654,9.8362,1.0188,-3.2062,-7.7715,-1.8724,2.319,5.7181,5.6784,6.7536,-0.52486
122,3.8749,-1.8914,16.08,23.233,0.17964,8.9388,13.177,7.2286,-3.9703,-9.6306,-2.9846,-1.1544,-0.021675,1.3554,9.2278,-2.6042
123,3.8193,3.7416,18.615,21.535,2.3373,8.9159,8.3492,4.8111,0.52799,-2.1505,5.725,1.346,0.36021,3.3647,1.1771,3.5458
124,2.5224,5.3984,19.244,20.123,-2.533,12.192,7.9854,5.65,-0.16876,-1.3385,7.4429,-2.7084,-5.7065,-1.1897,-6.1442,-5.1569
125,-19.486,-0.10029,-22.749,-19.863,0.74573,-27.123,-24.633,-27.98,-16.18,-8.4152,-17.817,-17.429,-17.457,-14.079,-4.247,-9.4724
126,-24.698,-10.555,-31.273,-26.271,2.0903,-33.352,-32.251,-30.668,-17.573,-13.287,-28.181,-26.29,-27.22,-27.939,-19.658,-19.253
127,-1.5545,-14.546,-14.243,-8.6277,-7.1741,-11.037,-14.434,-9.7883,-10.23,-9.3928,-5.8503,-3.1679,-9.4599,-11.674,-2.6125,-7.1757
128,4.0018,0.77954,-10.549,-11.392,-3.8454,-4.7569,-14.648,-6.2092,0.20719,7.0414,6.8581,8.4064,-1.0996,-4.9352,4.7694,-0.37125
129,4.617,-0.26221,-7.7137,-10.251,2.4572,0.83058,-7.4055,1.4362,-0.35028,12.913,9.3274,12.36,3.0202,-5.9221,-5.1646,-1.44
130,-19.425,-0.11948,-22.734,-19.827,0.78484,-27.074,-24.69,-27.893,-16.165,-8.3616,-17.764,-17.442,-17.453,-14.106,-4.232,-9.4724
131,-24.635,-10.56,-31.222,-26.35,2.0985,-33.368,-32.298,-30.684,-17.593,-13.323,-28.117,-26.333,-27.192,-27.96,-19.739,-19.253
132,-1.4688,-14.587,-14.224,-8.6905,-7.217,-11.111,-14.376,-9.8493,-10.179,-9.3609,-5.8445,-3.1812,-9.454,-11.659,-2.6281,-7.1757
133,3.959,0.79975,-10.548,-11.449,-3.8163,-4.7822,-14.615,-6.2317,0.219,7.0646,6.8,8.4423,-1.1267,-4.9227,4.7357,-0.37125
134,4.5812,-0.23639,-7.6844,-10.213,2.4801,0.88248,-7.4728,1.4245,-0.39157,12.957,9.3807,12.302,3.0433,-5.9128,-5.1858,-1.44
135,-19.483,-0.06497,-22.704,-19.841,0.76756,-27.083,-24.711,-27.913,-16.189,-8.359,-17.736,-17.481,-17.449,-14.045,-4.1621,-9.4724
136,-24.671,-10.534,-31.26,-26.3,2.0641,-33.366,-32.276,-30.636,-17.632,-13.294,-28.172,-26.281,-27.183,-27.958,-19.665,-19.253
137,-1.4991,-14.562,-14.245,-8.703,-7.1384,-11.119,-14.371,-9.7779,-10.166,-9.3831,-5.8626,-3.2175,-9.5042,-11.64,-2.6071,-7.1757
138,3.9322,0.77873,-10.561,-11.454,-3.8172,-4.7633,-14.581,-6.2381,0.24367,6.9859,6.8412,8.3554,-1.0638,-4.9365,4.696,-0.37125
139,4.6147,-0.2324,-7.6566,-10.301,2.5054,0.91472,-7.4655,1.3943,-0.38212,12.93,9.3743,12.368,3.0278,-5.9282,-5.1677,-1.44
140,-19.439,-0.048631,-22.742,-19.808,0.76213,-27.162,-24.679,-27.942,-16.123,-8.3903,-17.784,-17.44,-17.419,-14.04,-4.1917,-9.4724
141,-24.642,-10.506,-31.242,-26.301,2.0967,-33.31,-32.249,-30.677,-17.605,-13.286,-28.16,-26.289,-27.193,-27.967,-19.673,-19.253
142,-1.5245,-14.601,-14.295,-8.6675,-7.1362,-11.055,-14.402,-9.7743,-10.164,-9.457,-5.8257,-3.1543,-9.4758,-11.666,-2.6326,-7.1757
143,3.9084,0.78066,-10.559,-11.401,-3.7918,-4.8239,-14.643,-6.2533,0.2507,7.0002,6.8086,8.3918,-1.0913,-4.8996,4.6913,-0.37125
144,4.5398,-0.2048,-7.7162,-10.304,2.5103,0.85617,-7.434,1.3908,-0.3893,12.938,9.3118,12.372,2.996,-5.9071,-5.2299,-1.44
145,-19.475,-0.11695,-22.721,-19.863,0.79463,-27.083,-24.71,-27.923,-16.097,-8.3659,-17.731,-17.434,-17.404,-14.064,-4.1854,-9.4724
146,-24.692,-10.5,-31.238,-26.305,2.124,-33.335,-32.243,-30.595,-17.571,-13.285,-28.091,-26.244,-27.254,-27.895,-19.718,-19.253
147,-1.4925,-14.624,-14.29,-8.6872,-7.2133,-11.083,-14.461,-9.8244,-10.176,-9.3845,-5.8305,-3.1625,-9.5227,-11.69,-2.6027,-7.1757
148,3.9447,0.7932,-10.6,-11.45,-3.8122,-4.7458,-14.664,-6.2926,0.20288,7.0511,6.8071,8.3643,-1.0752,-4.9678,4.6922,-0.37125
149,4.5475,-0.1886,-7.6935,-10.27,2.4447,0.91945,-7.3938,1.4056,-0.38728,12.963,9.3377,12.338,2.9752,-5.9308,-5.2304,-1.44
150,-19.482,-0.051522,-22.744,-19.886,0.74689,-27.09,-24.644,-27.955,-16.1,-8.4021,-17.797,-17.482,-17.47,-14.104,-4.2514,-9.4724
151,-24.662,-10.588,-31.217,-26.336,2.1299,-33.31,-32.272,-30.595,-17.567,-13.342,-28.096,-26.301,-27.191,-27.887,-19.705,-19.253
152,-1.5256,-14.577,-14.268,-8.6557,-7.1598,-11.027,-14.431,-9.8299,-10.182,-9.4419,-5.8942,-3.2202,-9.4918,-11.698,-2.683,-7.1757
153,3.9906,0.769,-10.516,-11.471,-3.8384,-4.7749,-14.584,-6.2438,0.19853,6.9895,6.8305,8.3732,-1.1193,-4.9241,4.6962,-0.37125
154,4.5692,-0.17718,-7.7106,-10.275,2.5055,0.85392,-7.4351,1.4324,-0.34753,12.916,9.3362,12.322,3.0607,-5.9559,-5.1882,-1.44
155,-19.466,-0.10437,-22.673,-19.809,0.72898,-27.096,-24.702,-27.913,-16.172,-8.3528,-17.78,-17.468,-17.391,-14.045,-4.2261,-9.4724
156,-24.695,-10.527,-31.234,-26.307,2.0659,-33.346,-32.302,-30.664,-17.573,-13.353,-28.167,-26.237,-27.223,-27.983,-19.696,-19.253
157,-1.483,-14.535,-14.248,-8.711,-7.1363,-11.122,-14.381,-9.8225,-10.212,-9.3719,-5.8213,-3.1776,-9.4788,-11.703,-2.6352,-7.1757
158,3.9417,0.77171,-10.509,-11.399,-3.8335,-4.7762,-14.577,-6.2771,0.27847,7.0358,6.8014,8.3786,-1.1286,-4.9233,4.7188,-0.37125
159,4.5712,-0.17618,-7.6781,-10.268,2.5346,0.89869,-7.3914,1.4051,-0.33576,12.96,9.3057,12.372,2.9826,-5.9571,-5.1822,-1.44
160,-19.497,-0.10609,-22.733,-19.878,0.79454,-27.092,-24.697,-27.892,-16.118,-8.3981,-17.788,-17.469,-17.435,-14.086,-4.1859,-9.4724
161,-24.665,-10.533,-31.236,-26.302,2.1337,-33.374,-32.293,-30.668,-17.609,-13.349,-28.132,-26.283,-27.184,-27.94,-19.699,-19.253
162,-1.5142,-14.562,-14.244,-8.6702,-7.1827,-11.051,-14.414,-9.8516,-10.215,-9.3785,-5.8518,-3.2042,-9.5459,-11.674,-2.6828,-7.1757
163,3.9066,0.7986,-10.586,-11.47,-3.8808,-4.7648,-14.635,-6.2231,0.27093,7.0483,6.8224,8.3962,-1.1003,-4.9317,4.76,-0.37125
164,4.6021,-0.27459,-7.7152,-10.282,2.5089,0.85949,-7.4263,1.3886,-0.39392,12.93,9.3568,12.369,3.0421,-5.8844,-5.1701,-1.44
165,-19.436,-0.077285,-22.742,-19.86,0.75726,-27.124,-24.629,-27.9,-16.181,-8.3983,-17.791,-17.448,-17.456,-14.044,-4.2208,-9.4724
166,-24.71,-10.517,-31.286,-26.36,2.0659,-33.351,-32.253,-30.59,-17.539,-13.37,-28.16,-26.299,-27.174,-27.92,-19.645,-19.253
167,-1.5168,-14.571,-14.236,-8.6237,-7.1699,-11.088,-14.433,-9.7865,-10.229,-9.3712,-5.8335,-3.1959,-9.5068,-11.705,-2.6735,-7.1757
168,3.9763,0.81573,-10.553,-11.417,-3.8671,-4.7788,-14.588,-6.2531,0.27587,6.9908,6.7893,8.3877,-1.115,-4.9409,4.695,-0.37125
169,4.577,-0.24911,-7.6646,-10.248,2.524,0.8368,-7.4661,1.3986,-0.35891,12.989,9.3509,12.356,3.0269,-5.8854,-5.2127,-1.44
170,-19.413,-0.042053,-22.732,-19.844,0.77914,-27.119,-24.649,-27.903,-16.194,-8.353,-17.813,-17.458,-17.46,-14.072,-4.1624,-9.4724
171,-24.674,-10.538,-31.244,-26.358,2.1142,-33.363,-32.311,-30.615,-17.577,-13.381,-28.147,-26.312,-27.203,-27.935,-19.668,-19.253
172,-1.4998,-14.619,-14.261,-8.695,-7.1752,-11.037,-14.45,-9.7928,-10.221,-9.3685,-5.8927,-3.187,-9.4997,-11.708,-2.6889,-7.1757
173,3.9208,0.76561,-10.515,-11.42,-3.8219,-4.7528,-14.633,-6.229,0.26791,7.0295,6.8316,8.3736,-1.1418,-4.9617,4.7357,-0.37125
174,4.6004,-0.27557,-7.7134,-10.28,2.4788,0.90647,-7.3911,1.4786,-0.29706,12.969,9.3492,12.375,3.0421,-5.9102,-5.2105,-1.44
175,-19.477,-0.056414,-22.726,-19.866,0.74201,-27.116,-24.633,-27.933,-16.173,-8.3599,-17.777,-17.417,-17.425,-14.12,-4.165,-9.4724
176,-24.726,-10.546,-31.209,-26.355,2.0697,-33.4,-32.232,-30.586,-17.597,-13.325,-28.185,-26.256,-27.241,-27.921,-19.652,-19.253
177,-1.5427,-14.589,-14.251,-8.6851,-7.2254,-11.064,-14.388,-9.8026,-10.207,-9.4233,-5.8169,-3.2258,-9.4864,-11.665,-2.6307,-7.1757
178,3.9096,0.76748,-10.557,-11.475,-3.8551,-4.8424,-14.593,-6.2681,0.24268,6.9897,6.8228,8.4168,-1.1212,-4.9084,4.7385,-0.37125
179,4.5549,-0.22455,-7.6329,-10.288,2.5308,0.86684,-7.4193,1.4206,-0.32846,12.942,9.3468,12.368,3.0518,-5.9503,-5.2081,-1.44
180,-19.432,-0.0757,-22.672,-19.853,0.73259,-27.14,-24.654,-27.938,-16.153,-8.3481,-17.723,-17.453,-17.444,-14.089,-4.1629,-9.4724
181,-24.675,-10.555,-31.217,-26.281,2.0711,-33.304,-32.26,-30.608,-17.598,-13.329,-28.144,-26.283,-27.23,-27.902,-19.645,-19.253
182,-1.5123,-14.56,-14.236,-8.6524,-7.2017,-11.077,-14.394,-9.7625,-10.193,-9.4273,-5.8858,-3.2253,-9.4685,-11.73,-2.6102,-7.1757
183,3.9551,0.81981,-10.578,-11.423,-3.8687,-4.7548,-14.62,-6.2593,0.28005,7.0655,6.8662,8.3889,-1.0891,-4.8933,4.7586,-0.37125
184,4.5719,-0.26379,-7.6258,-10.275,2.4691,0.85161,-7.3927,1.4722,-0.29772,12.919,9.3612,12.296,3.0338,-5.8837,-5.223,-1.44
185,-19.478,-0.1254,-22.682,-19.807,0.78786,-27.107,-24.705,-27.959,-16.101,-8.3538,-17.759,-17.435,-17.472,-14.108,-4.2306,-9.4724
186,-24.716,-10.567,-31.215,-26.311,2.1106,-33.371,-32.301,-30.607,-17.578,-13.378,-28.151,-26.285,-27.251,-27.89,-19.685,-19.253
187,-1.5394,-14.612,-14.294,-8.7134,-7.1587,-11.055,-14.412,-9.8226,-10.171,-9.4009,-5.9026,-3.2141,-9.5008,-11.722,-2.661,-7.1757
188,3.9929,0.82982,-10.505,-11.412,-3.8292,-4.8037,-14.608,-6.2982,0.28452,7.0344,6.808,8.3539,-1.0618,-4.9046,4.695,-0.37125
189,4.6228,-0.2268,-7.6484,-10.267,2.5359,0.8904,-7.4498,1.4341,-0.32491,12.976,9.3754,12.367,3.0226,-5.8783,-5.2214,-1.44
190,-19.492,-0.053337,-22.687,-19.793,0.78206,-27.134,-24.652,-27.97,-16.186,-8.4289,-17.818,-17.465,-17.463,-14.093,-4.2065,-9.4724
191,-24.701,-10.584,-31.22,-26.332,2.1014,-33.374,-32.25,-30.605,-17.582,-13.317,-28.148,-26.31,-27.191,-27.963,-19.703,-19.253
192,-1.5007,-14.577,-14.242,-8.6271,-7.1997,-11.035,-14.376,-9.8182,-10.231,-9.4057,-5.844,-3.1922,-9.467,-11.731,-2.689,-7.1757
193,3.9044,0.78257,-10.536,-11.432,-3.8191,-4.8089,-14.606,-6.2561,0.24345,6.9996,6.7833,8.4143,-1.1027,-4.9456,4.7412,-0.37125
194,4.5984,-0.18894,-7.6485,-10.291,2.4929,0.89218,-7.428,1.4867,-0.38275,12.923,9.3628,12.376,2.9637,-5.8979,-5.1536,-1.44
195,-19.431,-0.089943,-22.725,-19.856,0.78131,-27.143,-24.686,-27.921,-16.16,-8.3939,-17.727,-17.397,-17.407,-14.051,-4.2473,-9.4724
196,-24.682,-10.549,-31.224,-26.351,2.1277,-33.309,-32.288,-30.589,-17.552,-13.348,-28.172,-26.25,-27.188,-27.959,-19.709,-19.253
197,-1.4914,-14.591,-14.228,-8.7052,-7.2144,-11.068,-14.456,-9.7877,-10.206,-9.3688,-5.8599,-3.1819,-9.4795,-11.716,-2.6729,-7.1757
198,3.9646,0.79709,-10.519,-11.389,-3.8554,-4.8163,-14.592,-6.3017,0.2164,7.0394,6.8565,8.4037,-1.1236,-4.9804,4.7248,-0.37125
199,4.6057,-0.18029,-7.6408,-10.302,2.4491,0.83025,-7.4556,1.4396,-0.3663,12.965,9.3699,12.355,3.0084,-5.9182,-5.1512,-1.44
200,1.5119,-0.51653,-8.8336,6.5317,-6.0025,1.6905,2.8197,7.6186,4.3193,22.583,6.0794,13.996,8.889,9.914,19.406,12.633
201,-7.6759,6.4022,-3.4721,6.2237,-2.5871,4.9286,5.6932,8.1626,18.309,27.975,6.4857,21.239,17.538,9.404,31.718,20.25
202,-17.402,11.465,-0.96652,4.3797,8.823,4.9147,3.6608,7.664,20.717,21.66,3.7418,19.063,15,6.0736,26.269,9.3694
203,-17.42,7.4509,13.587,16.11,10.699,15.358,15.879,20.168,8.9939,12.285,3.5694,17.019,12.536,5.8788,22.872,4.943
204,-22.543,11.221,18.603,9.7705,16.11,18.107,16.276,15.079,4.073,0.46926,5.1548,12.874,13.196,7.48,23.196,3.9431
205,1.5739,-0.44934,-8.7699,6.4469,-6.0006,1.6848,2.8107,7.585,4.3569,22.587,6.013,14.06,8.8927,9.8919,19.383,12.633
206,-7.6339,6.4823,-3.5206,6.224,-2.6535,4.933,5.6554,8.1401,18.301,27.996,6.5317,21.259,17.558,9.3916,31.766,20.25
207,-17.387,11.449,-0.95191,4.3807,8.8289,4.8464,3.6251,7.684,20.717,21.727,3.7426,19.121,14.961,6.0685,26.265,9.3694
208,-17.43,7.4934,13.582,16.162,10.643,15.372,15.824,20.24,9.0159,12.22,3.5515,17.009,12.481,5.8183,22.878,4.943
209,-22.57,11.238,18.623,9.7281,16.066,18.129,16.229,15.058,4.1017,0.51244,5.1873,12.953,13.128,7.533,23.192,3.9431
210,1.5435,-0.45856,-8.7969,6.5051,-6.0039,1.6604,2.7984,7.566,4.3125,22.613,6.0341,14.06,8.8507,9.9069,19.395,12.633
211,-7.6951,6.4337,-3.4868,6.275,-2.6259,4.9396,5.7089,8.1257,18.326,28.021,6.5245,21.29,17.55,9.3467,31.701,20.25
212,-17.445,11.428,-0.93331,4.3359,8.8188,4.8747,3.6744,7.6759,20.718,21.71,3.6895,19.103,15.007,6.0974,26.31,9.3694
213,-17.386,7.4133,13.626,16.173,10.664,15.38,15.87,20.232,9.0226,12.285,3.5588,17.054,12.527,5.8818,22.81,4.943
214,-22.5,11.19,18.65,9.7426,16.111,18.093,16.263,15.025,4.0171,0.50353,5.1152,12.924,13.184,7.4771,23.196,3.9431
215,1.5091,-0.46355,-8.7419,6.5048,-6.051,1.7169,2.8593,7.5849,4.3933,22.581,6.04,13.999,8.8828,9.8775,19.355,12.633
216,-7.6873,6.4179,-3.5388,6.2695,-2.608,4.9434,5.6186,8.1135,18.256,27.952,6.5161,21.289,17.6,9.3297,31.791,20.25
217,-17.377,11.414,-0.98493,4.3591,8.8463,4.8588,3.6596,7.6665,20.704,21.71,3.7621,19.047,15.022,6.0904,26.267,9.3694
218,-17.376,7.4731,13.601,16.169,10.681,15.308,15.842,20.167,8.9613,12.314,3.6008,17.042,12.499,5.8349,22.796,4.943
219,-22.508,11.254,18.596,9.7246,16.13,18.103,16.286,15.01,4.0795,0.47804,5.1732,12.905,13.181,7.5449,23.231,3.9431
220,1.5091,-0.48193,-8.8188,6.4551,-6.0018,1.6766,2.8437,7.547,4.3262,22.541,6.0818,14.035,8.9104,9.9201,19.351,12.633
221,-7.6321,6.4273,-3.5597,6.2311,-2.5959,4.9926,5.6607,8.2049,18.304,27.932,6.5338,21.305,17.578,9.389,31.769,20.25
222,-17.387,11.438,-0.97702,4.374,8.7872,4.8676,3.6842,7.5989,20.678,21.732,3.754,19.097,14.937,6.0663,26.315,9.3694
223,-17.376,7.3991,13.541,16.135,10.636,15.338,15.826,20.187,9.0247,12.304,3.5594,17.015,12.466,5.845,22.842,4.943
224,-22.571,11.257,18.592,9.6771,16.077,18.155,16.276,15.015,4.0951,0.46342,5.1626,12.971,13.16,7.4728,23.228,3.9431
225,1.5659,-0.50882,-8.7806,6.5115,-6.0856,1.7293,2.8725,7.5733,4.3733,22.578,6.0888,14.018,8.8319,9.8592,19.43,12.633
226,-7.6479,6.474,-3.5048,6.2394,-2.6299,5.0001,5.6805,8.1575,18.339,27.967,6.4924,21.286,17.592,9.4122,31.756,20.25
227,-17.439,11.47,-0.91109,4.3663,8.7857,4.8796,3.6005,7.6396,20.675,21.729,3.6888,19.092,14.964,6.1516,26.312,9.3694
228,-17.414,7.4831,13.63,16.163,10.698,15.305,15.871,20.161,8.9611,12.318,3.6121,17.043,12.51,5.8009,22.875,4.943
229,-22.582,11.231,18.636,9.7331,16.085,18.14,16.232,15.046,4.1025,0.42058,5.1667,12.961,13.172,7.554,23.225,3.9431
230,1.5574,-0.43172,-8.7429,6.5179,-6.0388,1.683,2.7755,7.6163,4.3612,22.57,6.0481,14.061,8.8519,9.935,19.431,12.633
231,-7.6487,6.4118,-3.5228,6.2533,-2.6482,4.9954,5.6965,8.1816,18.263,27.984,6.5564,21.239,17.574,9.3748,31.796,20.25
232,-17.418,11.403,-0.98396,4.3917,8.816,4.8608,3.6776,7.6163,20.648,21.694,3.7569,19.127,14.964,6.054,26.261,9.3694
233,-17.376,7.425,13.595,16.166,10.659,15.297,15.857,20.202,8.9325,12.3,3.587,17.002,12.453,5.8138,22.87,4.943
234,-22.517,11.224,18.604,9.7306,16.068,18.098,16.239,15.028,4.1137,0.41759,5.1419,12.907,13.12,7.5578,23.189,3.9431
235,1.5181,-0.5031,-8.8248,6.5201,-6.0817,1.7118,2.8726,7.6235,4.297,22.548,6.0651,14.071,8.9141,9.8929,19.354,12.633
236,-7.6517,6.4309,-3.5176,6.2798,-2.6485,4.9997,5.6814,8.1274,18.257,27.996,6.5395,21.256,17.561,9.3574,31.702,20.25
237,-17.398,11.482,-0.98997,4.3608,8.7879,4.8892,3.6696,7.6171,20.698,21.662,3.7688,19.094,14.986,6.0946,26.312,9.3694
238,-17.387,7.4945,13.552,16.143,10.654,15.387,15.83,20.192,8.956,12.224,3.6033,17.048,12.48,5.8276,22.877,4.943
239,-22.547,11.219,18.623,9.7482,16.143,18.061,16.269,15.058,4.0486,0.46396,5.1241,12.91,13.165,7.5609,23.268,3.9431
240,1.5839,-0.48374,-8.8255,6.5292,-6.0708,1.6555,2.7985,7.6003,4.3889,22.608,6.023,14.069,8.916,9.9207,19.442,12.633
241,-7.6666,6.4934,-3.5087,6.2299,-2.5997,4.9524,5.653,8.1391,18.288,28.006,6.4867,21.26,17.579,9.3416,31.778,20.25
242,-17.394,11.454,-0.95584,4.3801,8.8121,4.9118,3.6955,7.647,20.671,21.707,3.7577,19.117,14.997,6.1288,26.254,9.3694
243,-17.422,7.4314,13.559,16.119,10.708,15.311,15.88,20.227,8.9745,12.228,3.5691,17.018,12.455,5.8105,22.779,4.943
244,-22.515,11.193,18.612,9.6814,16.068,18.117,16.195,15.033,4.0444,0.43039,5.205,12.965,13.147,7.5013,23.203,3.9431
245,1.5562,-0.49589,-8.8121,6.4536,-6.0208,1.717,2.7767,7.5626,4.3607,22.596,6.0544,14.005,8.8289,9.9467,19.357,12.633
246,-7.6351,6.4244,-3.4726,6.2217,-2.5732,4.9596,5.6648,8.172,18.253,27.977,6.5505,21.244,17.608,9.4125,31.775,20.25
247,-17.394,11.475,-0.95449,4.3614,8.7693,4.8852,3.6413,7.6651,20.667,21.745,3.7223,19.114,14.931,6.1177,26.251,9.3694
248,-17.451,7.4066,13.593,16.158,10.621,15.305,15.901,20.174,9.0062,12.24,3.5421,17.022,12.455,5.8821,22.873,4.943
249,-22.566,11.267,18.601,9.7558,16.082,18.069,16.257,15.058,4.0455,0.47794,5.1854,12.934,13.13,7.5503,23.218,3.9431
250,1.5819,-0.47898,-8.7963,6.5091,-6.0733,1.7267,2.7992,7.5886,4.3208,22.582,6.0729,13.988,8.9111,9.8768,19.397,12.633
251,-7.6762,6.4193,-3.5218,6.2922,-2.6631,4.9378,5.6709,8.141,18.308,27.984,6.5527,21.238,17.592,9.4151,31.781,20.25
252,-17.446,11.444,-0.97512,4.3396,8.788,4.8563,3.626,7.6473,20.694,21.749,3.6914,19.066,15.005,6.0844,26.267,9.3694
253,-17.403,7.4565,13.561,16.167,10.652,15.38,15.824,20.205,8.9849,12.26,3.5529,17.003,12.449,5.8061,22.867,4.943
254,-22.588,11.239,18.633,9.7047,16.07,18.143,16.269,15.077,4.0298,0.51254,5.1848,12.965,13.18,7.5463,23.266,3.9431
255,1.4946,-0.52069,-8.7781,6.4896,-6.0372,1.6801,2.7821,7.6123,4.3029,22.597,6.1019,14.051,8.915,9.8561,19.419,12.633
256,-7.6912,6.4619,-3.5198,6.2553,-2.6466,4.9575,5.621,8.1784,18.32,27.942,6.5365,21.234,17.61,9.3319,31.768,20.25
257,-17.375,11.458,-0.90132,4.3452,8.8499,4.8633,3.6104,7.66,20.71,21.659,3.7364,19.033,14.954,6.0959,26.28,9.3694
258,-17.378,7.4793,13.638,16.138,10.644,15.313,15.848,20.251,9.0148,12.268,3.5529,16.995,12.452,5.8019,22.861,4.943
259,-22.576,11.236,18.68,9.7367,16.061,18.068,16.289,14.994,4.1064,0.42036,5.153,12.955,13.141,7.5572,23.197,3.9431
260,1.3365,-12.815,4.779,10.124,-4.5157,5.104,5.9814,10.334,2.8772,8.1895,8.7128,17.354,13.995,7.7871,13.545,11.246
261,-9.3065,-11.499,4.3604,3.7704,-8.0115,2.6219,2.6487,5.4697,4.4939,3.6048,10.115,19.231,16.708,11.41,12.159,10.626
262,-10.18,-4.4987,-0.0084839,-2.8512,-0.56099,-3.0412,0.59392,0.06053,2.6653,-4.9786,-4.4863,3.0846,2.5908,-2.4196,-4.3057,-6.1439
263,17.93,-6.9355,3.4309,0.21822,-8.6413,2.2558,6.9236,2.925,1.1351,-9.6245,-1.0086,5.0032,6.2405,2.9674,3.305,-2.9581
264,3.3762,-4.3943,-5.9764,-10.861,-12.202,-9.4442,-6.629,-11.116,-0.96965,-15.883,-6.638,-6.6911,-2.9977,-3.096,-4.1399,-3.7482
265,1.3715,-12.803,4.7323,10.093,-4.5139,5.0946,5.9662,10.311,2.8026,8.1736,8.6532,17.346,14.009,7.7724,13.581,11.246
266,-9.3463,-11.487,4.3063,3.8416,-8.0274,2.6648,2.5865,5.4584,4.514,3.5805,10.127,19.158,16.737,11.323,12.119,10.626
267,-10.172,-4.5359,-0.034809,-2.8835,-0.64113,-3.0423,0.64629,0.10338,2.6685,-4.9809,-4.484,3.0549,2.5732,-2.4627,-4.3825,-6.1439
268,17.938,-6.9467,3.4705,0.20335,-8.6949,2.2172,6.9944,2.9716,1.082,-9.6024,-1.0052,4.9437,6.2256,2.9277,3.3759,-2.9581
269,3.4526,-4.3967,-5.9891,-10.883,-12.142,-9.3755,-6.5568,-11.132,-1.0006,-15.888,-6.6493,-6.6428,-2.9332,-3.0112,-4.1974,-3.7482
270,1.3894,-12.759,4.7509,10.177,-4.5267,5.1672,5.9902,10.324,2.8554,8.2203,8.7113,17.329,13.922,7.8179,13.525,11.246
271,-9.3697,-11.477,4.3662,3.8128,-7.9877,2.6455,2.6134,5.4881,4.4633,3.5854,10.135,19.174,16.728,11.393,12.152,10.626
272,-10.15,-4.5351,-0.082131,-2.873,-0.58088,-3.0098,0.6453,0.099044,2.6831,-4.9918,-4.4436,3.0446,2.6026,-2.4575,-4.3724,-6.1439
273,17.961,-6.942,3.497,0.24864,-8.7037,2.297,6.9744,2.9598,1.1131,-9.6533,-1.0499,4.983,6.1804,2.9433,3.3069,-2.9581
274,3.4219,-4.3829,-5.9608,-10.792,-12.148,-9.3642,-6.5436,-11.128,-0.95284,-15.866,-6.6155,-6.6829,-2.9837,-3.0182,-4.1566,-3.7482
275,1.3249,-12.799,4.741,10.09,-4.5242,5.1375,5.9876,10.302,2.8886,8.2213,8.6936,17.369,14.002,7.7466,13.549,11.246
276,-9.2956,-11.535,4.2921,3.8386,-8.0437,2.6373,2.6324,5.5064,4.5257,3.5624,10.096,19.215,16.679,11.355,12.083,10.626
277,-10.164,-4.4663,-0.020713,-2.9011,-0.62451,-2.9956,0.64236,0.072113,2.6892,-5.021,-4.4635,3.0332,2.5527,-2.4234,-4.3053,-6.1439
278,17.915,-6.8689,3.4874,0.21425,-8.6481,2.297,6.9537,2.8946,1.1303,-9.5786,-1.0743,4.9072,6.2304,2.9164,3.3647,-2.9581
279,3.4434,-4.4316,-5.9106,-10.805,-12.209,-9.4121,-6.5771,-11.174,-0.91208,-15.92,-6.6727,-6.6669,-3.0086,-3.0418,-4.1861,-3.7482
280,1.3775,-12.762,4.7986,10.157,-4.5713,5.1553,6.022,10.304,2.8762,8.1874,8.6559,17.384,13.946,7.8041,13.523,11.246
281,-9.3424,-11.499,4.3389,3.8517,-7.9495,2.7054,2.665,5.4913,4.5343,3.5952,10.116,19.237,16.7,11.324,12.15,10.626
282,-10.149,-4.5342,-0.054898,-2.8425,-0.63227,-3.019,0.66159,0.12724,2.6614,-4.9889,-4.4692,3.0045,2.5721,-2.4799,-4.3847,-6.1439
283,17.988,-6.8889,3.447,0.21086,-8.6317,2.2893,6.9245,2.953,1.1083,-9.6758,-1.0667,4.9708,6.1743,2.9144,3.2995,-2.9581
284,3.4637,-4.4323,-5.9125,-10.87,-12.185,-9.3808,-6.6348,-11.115,-0.96239,-15.901,-6.6475,-6.6133,-2.9569,-3.0791,-4.1748,-3.7482
285,1.3967,-12.788,4.7802,10.112,-4.5076,5.1396,5.9601,10.353,2.8805,8.1833,8.6697,17.39,13.938,7.7714,13.513,11.246
286,-9.3192,-11.456,4.359,3.7742,-8.0188,2.6425,2.665,5.524,4.537,3.5899,10.082,19.182,16.751,11.401,12.104,10.626
287,-10.152,-4.4713,-0.033019,-2.9008,-0.55138,-3.0315,0.58417,0.092951,2.6886,-5.0552,-4.4495,3.0671,2.645,-2.4338,-4.3834,-6.1439
288,17.94,-6.922,3.4961,0.22211,-8.6155,2.216,6.994,2.8965,1.1092,-9.6073,-1.0052,4.9295,6.1961,2.9518,3.3252,-2.9581
289,3.4034,-4.4461,-5.9995,-10.827,-12.173,-9.3827,-6.639,-11.172,-0.9365,-15.919,-6.6713,-6.6259,-3.0221,-3.0299,-4.1854,-3.7482
290,1.3614,-12.791,4.7691,10.128,-4.5012,5.1452,5.9614,10.292,2.8263,8.1719,8.6433,17.34,13.991,7.8225,13.59,11.246
291,-9.37,-11.465,4.3321,3.7606,-7.9619,2.6763,2.6228,5.5269,4.5142,3.6405,10.068,19.165,16.73,11.379,12.13,10.626
292,-10.133,-4.4635,-0.094264,-2.8839,-0.57897,-2.9707,0.66387,0.082211,2.6497,-4.9969,-4.4157,3.052,2.6417,-2.4352,-4.3614,-6.1439
293,17.907,-6.8879,3.5127,0.26577,-8.6951,2.2609,6.9695,2.9145,1.1319,-9.6116,-1.0008,4.9274,6.2148,2.9344,3.3728,-2.9581
294,3.4729,-4.4138,-5.9111,-10.795,-12.164,-9.3502,-6.5409,-11.111,-0.97245,-15.877,-6.6248,-6.6233,-2.949,-3.0798,-4.147,-3.7482
295,1.3759,-12.778,4.7736,10.168,-4.5545,5.0913,6.0124,10.33,2.8492,8.2447,8.6517,17.307,13.944,7.79,13.603,11.246
296,-9.3488,-11.552,4.3417,3.7982,-7.9532,2.6126,2.614,5.4752,4.4599,3.5767,10.039,19.194,16.67,11.378,12.149,10.626
297,-10.141,-4.4608,-0.0438,-2.8941,-0.57099,-2.9983,0.66209,0.057608,2.7082,-5.0602,-4.4732,3.0271,2.6205,-2.4909,-4.3658,-6.1439
298,17.936,-6.8794,3.4289,0.21393,-8.6302,2.2162,6.9532,2.9296,1.1745,-9.6424,-1.0457,4.958,6.1863,2.9895,3.3273,-2.9581
299,3.4587,-4.4622,-5.9808,-10.856,-12.14,-9.3964,-6.5808,-11.128,-0.93626,-15.874,-6.7041,-6.6665,-2.9622,-3.0524,-4.2062,-3.7482
300,1.3853,-12.823,4.7797,10.113,-4.4869,5.1202,5.9284,10.39,2.8277,8.1674,8.6901,17.396,13.957,7.8232,13.575,11.246
301,-9.3429,-11.499,4.325,3.8191,-8.0087,2.6265,2.6031,5.4537,4.5015,3.6193,10.088,19.171,16.659,11.41,12.128,10.626
302,-10.102,-4.4727,-0.097964,-2.8386,-0.60876,-3.0514,0.63494,0.11704,2.6709,-5.0019,-4.4141,2.9971,2.6087,-2.4881,-4.3302,-6.1439
303,17.918,-6.866,3.4979,0.26323,-8.6242,2.2124,6.9567,2.9676,1.1549,-9.6585,-1.0162,4.9552,6.1785,2.8976,3.3578,-2.9581
304,3.3828,-4.4303,-5.9605,-10.814,-12.205,-9.4037,-6.6194,-11.133,-0.96257,-15.943,-6.6963,-6.6434,-2.9892,-3.0984,-4.1436,-3.7482
305,1.3272,-12.811,4.7669,10.177,-4.5307,5.0913,5.969,10.379,2.8177,8.2306,8.6364,17.397,13.99,7.8258,13.58,11.246
306,-9.3279,-11.502,4.3586,3.8406,-8.0171,2.6644,2.5746,5.4372,4.4817,3.602,10.113,19.203,16.715,11.401,12.127,10.626
307,-10.124,-4.5249,-0.080364,-2.8567,-0.63218,-2.9877,0.62037,0.11589,2.6546,-5.0491,-4.4434,3.0636,2.6418,-2.439,-4.3407,-6.1439
308,17.926,-6.9605,3.4895,0.19094,-8.6169,2.2977,6.948,2.9011,1.1432,-9.6535,-0.99898,4.9476,6.1793,2.9846,3.3783,-2.9581
309,3.4149,-4.4638,-5.9663,-10.871,-12.21,-9.4263,-6.5988,-11.116,-0.94861,-15.913,-6.6907,-6.704,-2.9477,-3.093,-4.1258,-3.7482
310,1.3867,-12.767,4.7639,10.097,-4.5402,5.1815,5.929,10.339,2.8185,8.1934,8.6572,17.382,13.938,7.8388,13.593,11.246
311,-9.3296,-11.522,4.3383,3.8271,-7.9898,2.6467,2.577,5.4514,4.5211,3.6221,10.101,19.177,16.668,11.406,12.115,10.626
312,-10.091,-4.5357,-0.042373,-2.878,-0.60418,-3.0068,0.63438,0.059556,2.6885,-5.0757,-4.4549,3.0498,2.558,-2.4711,-4.3895,-6.1439
313,17.955,-6.8802,3.4917,0.26344,-8.6801,2.2592,6.9399,2.9375,1.0825,-9.6449,-1.0828,4.9945,6.2497,2.9282,3.3032,-2.9581
314,3.4554,-4.4228,-5.9999,-10.858,-12.16,-9.4142,-6.5587,-11.123,-0.9812,-15.926,-6.6208,-6.6141,-2.9881,-3.0711,-4.1415,-3.7482
315,22.619,4.9692,7.7981,11.976,-2.1121,17.597,15.941,24.182,-10.3,20.803,5.8262,21.218,26.848,33.194,8.9562,18.74
316,14.734,13.206,3.901,2.1906,-2.443,15.124,8.7939,11.945,3.7173,13.112,8.9599,17.852,27.342,34.8,17.438,24.251
317,8.2928,17.486,1.7162,6.1301,-0.48533,9.5471,6.6042,3.8052,1.1631,1.0177,-3.266,2.7154,16.093,22.525,15.439,19.001
318,-6.9063,11.281,-1.9167,13.794,3.8387,2.4602,5.117,-1.1777,-1.5866,-11.912,-12.899,-15.734,-4.439,6.6353,0.20594,4.6171
319,-11.616,3.3633,-0.96881,10.228,0.69389,0.94787,0.43808,-8.9876,5.076,-19.254,-3.5157,-13.653,-8.0545,0.93808,3.5652,8.702
320,22.628,4.9875,7.8239,12.004,-2.1197,17.619,15.853,24.25,-10.317,20.801,5.8117,21.259,26.787,33.172,8.9611,18.74
321,14.663,13.218,3.8287,2.1852,-2.522,15.106,8.8109,11.93,3.6426,13.143,8.8885,17.81,27.3,34.796,17.431,24.251
322,8.2937,17.533,1.7207,6.1432,-0.4606,9.5099,6.6293,3.8099,1.1485,1.0049,-3.3031,2.7619,16.057,22.495,15.485,19.001
323,-6.9194,11.279,-1.9,13.854,3.7582,2.4703,5.1829,-1.1695,-1.5605,-11.828,-12.903,-15.776,-4.4686,6.5965,0.15011,4.6171
324,-11.653,3.4025,-1.0225,10.246,0.63432,0.95889,0.42991,-8.9292,5.0165,-19.208,-3.4841,-13.617,-8.0078,0.88355,3.6176,8.702
325,22.695,4.9078,7.8754,11.939,-2.0693,17.617,15.852,24.245,-10.314,20.72,5.8536,21.214,26.835,33.208,8.9179,18.74
326,14.734,13.215,3.8827,2.1322,-2.4648,15.143,8.8563,11.951,3.6805,13.131,8.9262,17.801,27.257,34.831,17.363,24.251
327,8.2976,17.45,1.7312,6.1266,-0.44496,9.4604,6.6758,3.7489,1.1414,1.032,-3.3,2.7051,16.002,22.566,15.451,19.001
328,-6.971,11.371,-1.8787,13.811,3.787,2.4,5.1807,-1.1716,-1.5308,-11.841,-12.936,-15.698,-4.4924,6.5673,0.23012,4.6171
329,-11.614,3.3979,-0.94283,10.176,0.62746,0.9407,0.3741,-8.9357,5.0309,-19.262,-3.4794,-13.637,-8.023,0.94672,3.5737,8.702
330,22.645,4.9582,7.8264,11.944,-2.0689,17.626,15.853,24.231,-10.353,20.774,5.819,21.211,26.789,33.151,8.9363,18.74
331,14.7,13.22,3.8614,2.1004,-2.4658,15.129,8.8158,11.943,3.6348,13.164,8.9488,17.766,27.346,34.85,17.387,24.251
332,8.3636,17.5,1.6903,6.0932,-0.45236,9.4924,6.6254,3.831,1.1701,0.94719,-3.2663,2.6974,16.095,22.568,15.518,19.001
333,-6.8985,11.298,-1.9192,13.775,3.8409,2.4574,5.181,-1.1457,-1.5556,-11.866,-12.895,-15.754,-4.479,6.556,0.17533,4.6171
334,-11.591,3.4076,-1.023,10.266,0.67984,0.92006,0.44559,-8.9831,5.0459,-19.183,-3.5117,-13.64,-8.0325,0.91342,3.5385,8.702
335,22.651,4.9192,7.8863,11.918,-2.0453,17.586,15.879,24.182,-10.274,20.8,5.863,21.237,26.8,33.204,9.0019,18.74
336,14.755,13.201,3.8404,2.1677,-2.4527,15.075,8.7682,11.922,3.7134,13.125,8.9306,17.763,27.347,34.764,17.405,24.251
337,8.3014,17.483,1.7603,6.0883,-0.47784,9.4877,6.6715,3.8019,1.171,0.94296,-3.3076,2.7135,16.048,22.507,15.485,19.001
338,-6.9771,11.379,-1.9309,13.818,3.8228,2.4047,5.1608,-1.182,-1.5207,-11.827,-12.862,-15.705,-4.462,6.6197,0.19538,4.6171
339,-11.661,3.323,-1.0124,10.214,0.69542,0.96849,0.42527,-8.9637,5.0416,-19.219,-3.4261,-13.658,-8.0134,0.94185,3.5662,8.702
340,22.677,4.9017,7.8492,11.982,-2.1269,17.654,15.872,24.187,-10.351,20.766,5.9069,21.195,26.792,33.243,9.004,18.74
341,14.734,13.253,3.8552,2.1235,-2.5274,15.074,8.8521,11.907,3.684,13.128,8.9225,17.778,27.314,34.812,17.436,24.251
342,8.2988,17.467,1.7108,6.1018,-0.40495,9.4727,6.6833,3.8012,1.1454,1.0175,-3.2714,2.6759,16.055,22.5,15.487,19.001
343,-6.9321,11.317,-1.9332,13.785,3.8352,2.4047,5.1343,-1.2256,-1.5625,-11.861,-12.892,-15.771,-4.4317,6.5657,0.19574,4.6171
344,-11.626,3.3616,-1.0016,10.181,0.64188,0.90335,0.357,-8.9455,5.0412,-19.26,-3.427,-13.685,-8.0756,0.92856,3.5836,8.702
345,22.67,4.9461,7.8794,11.913,-2.1129,17.632,15.928,24.241,-10.308,20.788,5.8218,21.192,26.757,33.221,9.0073,18.74
346,14.733,13.246,3.8329,2.1958,-2.5124,15.15,8.8477,11.955,3.7048,13.159,8.9567,17.842,27.289,34.86,17.439,24.251
347,8.3864,17.544,1.7456,6.1218,-0.4332,9.4567,6.6573,3.8249,1.1709,0.96755,-3.3431,2.6776,16.032,22.553,15.518,19.001
348,-6.925,11.307,-1.9236,13.817,3.765,2.4317,5.2081,-1.1388,-1.5534,-11.881,-12.929,-15.76,-4.449,6.6306,0.19993,4.6171
349,-11.662,3.394,-1.0042,10.231,0.68344,0.88562,0.44197,-8.9813,5.0687,-19.238,-3.52,-13.646,-8.0044,0.88347,3.5579,8.702
350,22.642,4.9741,7.8575,11.962,-2.1415,17.572,15.938,24.209,-10.287,20.731,5.866,21.224,26.784,33.226,8.9302,18.74
351,14.669,13.234,3.8237,2.1908,-2.4688,15.111,8.7834,11.899,3.6486,13.168,8.8738,17.83,27.31,34.848,17.383,24.251
352,8.2906,17.508,1.752,6.0972,-0.48968,9.5064,6.6683,3.7984,1.1911,0.95299,-3.3051,2.7621,16.09,22.573,15.478,19.001
353,-6.8919,11.369,-1.9065,13.847,3.7612,2.4191,5.1472,-1.1741,-1.5824,-11.834,-12.939,-15.771,-4.4365,6.5461,0.1446,4.6171
354,-11.625,3.3763,-0.95349,10.183,0.7051,0.87783,0.41197,-8.9895,5.0274,-19.191,-3.4681,-13.667,-8.0187,0.8957,3.5623,8.702
355,22.661,4.9747,7.822,11.975,-2.0944,17.643,15.864,24.212,-10.265,20.812,5.8871,21.254,26.795,33.185,8.9493,18.74
356,14.747,13.208,3.8937,2.1086,-2.5198,15.149,8.8222,11.886,3.6233,13.107,8.9201,17.764,27.251,34.836,17.364,24.251
357,8.3567,17.448,1.7711,6.084,-0.42222,9.4924,6.6637,3.8242,1.2132,0.97833,-3.3155,2.7597,16.069,22.5,15.429,19.001
358,-6.9753,11.29,-1.9456,13.833,3.8426,2.4653,5.1215,-1.1829,-1.583,-11.875,-12.943,-15.76,-4.4671,6.6414,0.20066,4.6171
359,-11.607,3.3182,-0.99336,10.204,0.68912,0.88512,0.39209,-8.9931,5.02,-19.178,-3.4329,-13.612,-8.0769,0.89283,3.5529,8.702
360,22.648,4.9831,7.8033,11.98,-2.0718,17.614,15.886,24.164,-10.284,20.803,5.8783,21.219,26.826,33.18,8.9654,18.74
361,14.731,13.186,3.8119,2.1483,-2.5051,15.145,8.7666,11.926,3.6999,13.112,8.9049,17.81,27.277,34.826,17.388,24.251
362,8.3667,17.541,1.717,6.0699,-0.40256,9.5196,6.6053,3.8172,1.1954,1.0176,-3.3265,2.739,16.067,22.562,15.457,19.001
363,-6.9158,11.319,-1.8902,13.861,3.7832,2.4147,5.1216,-1.2285,-1.5195,-11.843,-12.945,-15.785,-4.4101,6.602,0.16198,4.6171
364,-11.657,3.3256,-0.98225,10.243,0.61612,0.92978,0.36854,-8.9179,5.0603,-19.193,-3.5028,-13.639,-8.0776,0.95851,3.5639,8.702
365,22.642,4.9764,7.8356,11.937,-2.0671,17.629,15.904,24.213,-10.259,20.808,5.8786,21.286,26.755,33.236,8.9819,18.74
366,14.719,13.218,3.8301,2.1882,-2.5297,15.108,8.8114,11.894,3.6683,13.118,8.9597,17.794,27.334,34.802,17.397,24.251
367,8.2911,17.492,1.7273,6.1023,-0.47614,9.5125,6.6498,3.7375,1.1801,1.0264,-3.2936,2.6796,16.029,22.57,15.442,19.001
368,-6.9444,11.299,-1.9106,13.833,3.8009,2.3971,5.2037,-1.1553,-1.5223,-11.896,-12.902,-15.704,-4.4154,6.6426,0.17905,4.6171
369,-11.581,3.3906,-0.98173,10.263,0.68461,0.90592,0.41022,-8.9705,5.04,-19.226,-3.5056,-13.687,-8.0718,0.86687,3.5809,8.702
370,32.577,11.622,13.36,14.434,4.0635,16.758,10.212,15.651,3.4095,21.988,22.402,21.235,18.779,16.62,14.102,14.519
371,-0.94231,11.067,0.20059,-1.9854,2.2529,1.9915,-2.4902,1.3256,10.471,14.715,11.51,8.1283,2.2898,1.2874,-1.8858,-1.3105
372,6.6396,0.70681,8.0399,7.4326,-5.981,10.659,7.6255,12.242,2.9315,2.8164,11.627,11.277,-0.32232,1.6735,-3.2221,1.2621
373,8.677,10.566,7.0824,0.51443,-4.8701,6.4668,3.8478,7.5775,8.3788,19.737,13.801,14.429,4.6469,5.4215,1.1334,2.7
374,-5.1302,5.8249,-3.1346,-8.2668,-5.338,-0.090093,0.52832,1.0405,12.136,5.8717,7.8439,9.9471,3.7501,2.3089,-0.71057,-2.4469
375,32.582,11.606,13.41,14.435,4.0493,16.67,10.228,15.692,3.4355,21.968,22.425,21.21,18.794,16.554,14.109,14.519
376,-0.89478,11.141,0.25394,-2.0135,2.2507,2.0549,-2.5647,1.4105,10.461,14.732,11.459,8.1593,2.3184,1.2941,-1.8534,-1.3105
377,6.6859,0.67488,8.0496,7.4135,-6.0195,10.722,7.584,12.248,2.9393,2.8885,11.68,11.23,-0.32801,1.6927,-3.2583,1.2621
378,8.7005,10.602,7.0964,0.59274,-4.8829,6.525,3.8742,7.5565,8.374,19.699,13.758,14.396,4.6219,5.4335,1.1107,2.7
379,-5.1537,5.8398,-3.0746,-8.2336,-5.3916,-0.11233,0.48352,1.0913,12.152,5.8405,7.8138,9.8949,3.7787,2.3093,-0.77782,-2.4469
380,32.564,11.644,13.42,14.464,3.989,16.706,10.279,15.719,3.3762,21.901,22.457,21.213,18.776,16.555,14.158,14.519
381,-0.89245,11.091,0.21075,-1.9807,2.273,2.0567,-2.5068,1.3576,10.546,14.676,11.506,8.1464,2.3198,1.248,-1.9055,-1.3105
382,6.6351,0.64924,8.1059,7.3494,-5.9631,10.656,7.5658,12.3,2.9113,2.8597,11.598,11.275,-0.26644,1.7164,-3.29,1.2621
383,8.7085,10.549,7.095,0.52581,-4.8557,6.4494,3.8507,7.5842,8.3966,19.756,13.733,14.393,4.6692,5.4475,1.1694,2.7
384,-5.1658,5.8706,-3.1057,-8.2302,-5.3413,-0.11372,0.52677,1.0795,12.203,5.7882,7.8016,9.9178,3.776,2.3172,-0.74236,-2.4469
385,32.587,11.662,13.38,14.514,4.0752,16.721,10.255,15.679,3.3482,21.956,22.425,21.224,18.767,16.58,14.12,14.519
386,-0.89109,11.105,0.27615,-1.9799,2.2745,2.0082,-2.49,1.3675,10.468,14.749,11.489,8.1829,2.2828,1.2455,-1.9195,-1.3105
387,6.6233,0.71424,8.0437,7.4043,-6.0248,10.681,7.637,12.23,2.9339,2.8487,11.611,11.267,-0.32201,1.7386,-3.2242,1.2621
388,8.6868,10.56,7.1351,0.5867,-4.8085,6.4746,3.8719,7.5976,8.4053,19.751,13.801,14.44,4.6581,5.4857,1.188,2.7
389,-5.173,5.8674,-3.1641,-8.2106,-5.3852,-0.054366,0.47697,1.1047,12.225,5.8537,7.8627,9.9006,3.7238,2.3015,-0.7512,-2.4469
390,32.524,11.661,13.4,14.427,4.0584,16.756,10.238,15.693,3.4013,21.967,22.448,21.27,18.843,16.585,14.105,14.519
391,-0.9527,11.102,0.26735,-1.9335,2.3126,1.9984,-2.5203,1.3368,10.493,14.748,11.423,8.142,2.2858,1.2295,-1.8592,-1.3105
392,6.6896,0.67676,8.0632,7.3538,-5.9415,10.724,7.5963,12.288,2.9719,2.8298,11.613,11.293,-0.3204,1.681,-3.2845,1.2621
393,8.7003,10.54,7.078,0.5775,-4.8622,6.5057,3.8307,7.5675,8.4359,19.724,13.773,14.408,4.6344,5.4532,1.1287,2.7
394,-5.0911,5.8372,-3.1331,-8.2469,-5.321,-0.063059,0.53563,1.0338,12.171,5.7817,7.7964,9.8623,3.7604,2.3365,-0.73754,-2.4469
395,32.553,11.641,13.389,14.512,4.0396,16.665,10.248,15.665,3.4137,21.964,22.429,21.245,18.818,16.581,14.13,14.519
396,-0.93099,11.106,0.25668,-1.9886,2.289,2.0087,-2.5655,1.4045,10.5,14.718,11.491,8.1499,2.3484,1.2289,-1.8841,-1.3105
397,6.6932,0.63069,8.0337,7.4035,-5.9723,10.68,7.6279,12.25,2.9395,2.8191,11.688,11.274,-0.32499,1.743,-3.2808,1.2621
398,8.6916,10.531,7.1419,0.53487,-4.7972,6.4396,3.9177,7.5972,8.4119,19.77,13.732,14.479,4.6116,5.3924,1.1951,2.7
399,-5.1434,5.8852,-3.1387,-8.228,-5.3876,-0.12508,0.49716,1.058,12.217,5.8599,7.838,9.8708,3.7483,2.3201,-0.74189,-2.4469
400,32.591,11.687,13.395,14.478,4.0115,16.685,10.22,15.744,3.439,21.97,22.484,21.284,18.776,16.633,14.124,14.519
401,-0.92044,11.105,0.25493,-1.9212,2.2777,1.9604,-2.5779,1.4069,10.483,14.719,11.478,8.1601,2.3058,1.2796,-1.9267,-1.3105
402,6.6343,0.61996,8.0294,7.413,-5.9726,10.664,7.6239,12.313,2.9058,2.8513,11.637,11.244,-0.29453,1.6677,-3.2773,1.2621
403,8.6897,10.539,7.1195,0.56019,-4.82,6.4844,3.9183,7.5813,8.3703,19.708,13.783,14.46,4.619,5.4893,1.1338,2.7
404,-5.1156,5.8406,-3.1208,-8.2746,-5.401,-0.054099,0.49849,1.0303,12.134,5.8219,7.8569,9.891,3.7879,2.3441,-0.73684,-2.4469
405,32.589,11.624,13.455,14.471,4.0278,16.691,10.281,15.689,3.3594,21.924,22.444,21.287,18.845,16.62,14.079,14.519
406,-0.95801,11.042,0.24714,-1.9444,2.2988,2.0116,-2.5615,1.3858,10.544,14.697,11.48,8.1923,2.2757,1.2851,-1.9257,-1.3105
407,6.6732,0.69901,8.0753,7.4141,-5.9761,10.722,7.5653,12.317,2.9495,2.8513,11.608,11.312,-0.25218,1.6831,-3.2559,1.2621
408,8.6316,10.587,7.1227,0.56727,-4.8555,6.4734,3.9205,7.5589,8.3814,19.747,13.755,14.416,4.665,5.3979,1.1099,2.7
409,-5.1512,5.8356,-3.1481,-8.3002,-5.3237,-0.043481,0.49102,1.0622,12.165,5.786,7.8711,9.8923,3.7633,2.3276,-0.75724,-2.4469
410,32.557,11.691,13.364,14.51,4.0119,16.746,10.299,15.708,3.3871,21.932,22.404,21.29,18.832,16.596,14.069,14.519
411,-0.93666,11.136,0.29245,-1.9461,2.2968,1.9924,-2.5269,1.3911,10.522,14.71,11.465,8.2084,2.2753,1.2035,-1.9207,-1.3105
412,6.6689,0.68254,8.0897,7.3443,-5.979,10.651,7.5993,12.267,2.9681,2.8754,11.687,11.295,-0.27404,1.718,-3.2992,1.2621
413,8.6569,10.523,7.1173,0.54551,-4.8226,6.4995,3.9131,7.5342,8.4086,19.718,13.716,14.409,4.6233,5.4477,1.1759,2.7
414,-5.0962,5.7937,-3.1024,-8.2693,-5.3968,-0.071756,0.551,1.0342,12.151,5.7821,7.7953,9.9077,3.7312,2.3169,-0.77178,-2.4469
415,32.524,11.629,13.437,14.458,4.0126,16.742,10.216,15.716,3.3842,21.983,22.409,21.213,18.771,16.563,14.086,14.519
416,-0.97014,11.106,0.28347,-1.9559,2.2718,1.9744,-2.5533,1.387,10.54,14.66,11.46,8.1531,2.3386,1.2873,-1.9408,-1.3105
417,6.6174,0.63317,8.0495,7.3666,-5.9518,10.648,7.6278,12.237,2.8994,2.8716,11.667,11.244,-0.27563,1.7036,-3.2845,1.2621
418,8.7189,10.506,7.1625,0.54986,-4.7951,6.4482,3.8326,7.6044,8.4209,19.769,13.781,14.439,4.6713,5.4126,1.1065,2.7
419,-5.1359,5.8131,-3.0909,-8.2669,-5.3773,-0.062244,0.51784,1.0896,12.224,5.8707,7.8244,9.8751,3.7401,2.2881,-0.7615,-2.4469
420,32.523,11.688,13.413,14.428,4.0446,16.673,10.294,15.651,3.443,21.906,22.409,21.219,18.835,16.553,14.099,14.519
421,-0.93486,11.059,0.2112,-1.9819,2.2889,1.9733,-2.5368,1.378,10.485,14.725,11.5,8.2009,2.3379,1.2505,-1.8822,-1.3105
422,6.6747,0.6401,8.0853,7.4248,-5.9995,10.725,7.6081,12.317,2.931,2.7997,11.668,11.251,-0.25053,1.721,-3.2308,1.2621
423,8.6989,10.584,7.0855,0.53008,-4.8365,6.4986,3.8493,7.5836,8.4356,19.732,13.797,14.417,4.7005,5.4337,1.1107,2.7
424,-5.0914,5.8506,-3.0987,-8.2026,-5.4024,-0.045091,0.56207,1.0907,12.222,5.8691,7.8597,9.9129,3.7319,2.3483,-0.80667,-2.4469
425,-1.9067,-7.1145,-0.97891,3.7688,-7.0454,-0.22453,-0.28261,-0.75657,-2.287,-6.0418,-4,2.1253,0.6243,-2.9088,12.363,8.7125
426,-4.5699,3.9697,-3.9082,-3.5102,-0.24769,-4.6597,-7.5652,-7.6899,-2.0498,-0.067518,-6.313,0.096824,-2.7747,-3.3363,2.2201,7.1979
427,-7.2228,-1.5591,-9.6078,-9.8404,1.3071,-10.55,-8.8365,-9.7959,1.1285,-3.0858,-7.2069,-6.6178,-12.366,-13.22,-16.298,-9.1372
428,9.8703,-4.6095,-4.0504,-4.4155,-5.5173,-0.66055,-3.0138,1.1629,2.6978,-5.3455,6.0241,2.7734,-1.9991,-5.3824,-5.8398,-0.92819
429,19.507,-2.9571,5.6248,10.543,-12.528,11.013,7.5641,15.097,9.78,-4.07,14.382,10.232,9.9994,8.6873,4.1988,8.7544
430,-1.9455,-7.0563,-0.92847,3.7347,-6.9784,-0.16607,-0.3016,-0.75471,-2.2126,-6.0955,-4.026,2.0934,0.60416,-2.9546,12.354,8.7125
431,-4.5946,3.9379,-3.8816,-3.5395,-0.20935,-4.6304,-7.507,-7.7518,-2.057,-0.01219,-6.2739,0.06204,-2.7832,-3.3231,2.2291,7.1979
432,-7.2539,-1.5433,-9.5498,-9.8783,1.2658,-10.523,-8.8125,-9.8549,1.1758,-3.0364,-7.1938,-6.5568,-12.431,-13.253,-16.327,-9.1372
433,9.8081,-4.6006,-4.1141,-4.345,-5.5017,-0.64821,-3.0544,1.1295,2.7435,-5.3384,5.9957,2.86,-1.9895,-5.38,-5.8107,-0.92819
434,19.587,-2.9398,5.5646,10.488,-12.489,10.946,7.5827,15.088,9.7536,-4.122,14.362,10.154,10.039,8.7104,4.1759,8.7544
435,-1.9885,-7.1147,-0.99951,3.7181,-7.0135,-0.17932,-0.29676,-0.75269,-2.292,-6.0542,-4.0426,2.0834,0.64381,-2.9818,12.405,8.7125
436,-4.6109,4,-3.8369,-3.58,-0.21379,-4.6531,-7.5753,-7.7771,-2.0915,-0.11007,-6.2264,0.081325,-2.7581,-3.3418,2.2424,7.1979
437,-7.1722,-1.4805,-9.5906,-9.8497,1.2594,-10.584,-8.8162,-9.8414,1.1841,-3.0649,-7.1788,-6.5404,-12.453,-13.268,-16.325,-9.1372
438,9.7983,-4.6439,-4.0707,-4.3872,-5.5803,-0.6834,-3.0276,1.1549,2.7162,-5.3057,5.9911,2.8396,-2.052,-5.454,-5.853,-0.92819
439,19.527,-2.9793,5.5367,10.552,-12.511,10.988,7.5205,15.101,9.7321,-4.0602,14.353,10.19,10.032,8.7464,4.1418,8.7544
440,-1.9912,-7.0574,-0.93708,3.7658,-6.9749,-0.14043,-0.27212,-0.76081,-2.2998,-6.029,-4.012,2.0791,0.60935,-2.9487,12.327,8.7125
441,-4.5589,3.9716,-3.9167,-3.5352,-0.19611,-4.6387,-7.5519,-7.748,-2.1039,-0.014297,-6.2949,0.11796,-2.8117,-3.279,2.2153,7.1979
442,-7.2392,-1.5715,-9.6021,-9.9137,1.2543,-10.527,-8.8107,-9.8188,1.1109,-3.1059,-7.2206,-6.6096,-12.403,-13.259,-16.348,-9.1372
443,9.8013,-4.6489,-4.0352,-4.4145,-5.5174,-0.68907,-3.0149,1.1429,2.7511,-5.3134,6.0117,2.8292,-2.0458,-5.4403,-5.7662,-0.92819
444,19.518,-2.9458,5.5415,10.542,-12.508,10.938,7.6038,15.104,9.7926,-4.0958,14.335,10.185,9.9632,8.7233,4.2017,8.7544
445,-1.946,-7.0766,-0.99556,3.7071,-7.0474,-0.21291,-0.35086,-0.75447,-2.2965,-6.0706,-4.0298,2.1139,0.61015,-2.9879,12.401,8.7125
446,-4.5984,3.9974,-3.909,-3.5168,-0.28201,-4.6739,-7.5389,-7.7001,-2.0866,-0.054546,-6.2731,0.082661,-2.8152,-3.332,2.2347,7.1979
447,-7.1889,-1.5736,-9.5274,-9.8433,1.301,-10.585,-8.8083,-9.7876,1.1846,-3.1097,-7.1992,-6.6112,-12.414,-13.306,-16.284,-9.1372
448,9.8613,-4.6114,-4.1187,-4.3341,-5.5509,-0.62305,-3.0484,1.1281,2.655,-5.362,6.0243,2.8584,-2.0031,-5.4413,-5.8325,-0.92819
449,19.526,-2.9534,5.5513,10.464,-12.469,10.946,7.5086,15.067,9.794,-4.0429,14.328,10.21,9.9765,8.7683,4.1593,8.7544
450,-1.9786,-7.1237,-0.97291,3.7338,-6.9643,-0.16843,-0.32389,-0.77748,-2.243,-6.0811,-3.9832,2.1178,0.69331,-2.96,12.342,8.7125
451,-4.592,3.9441,-3.901,-3.4891,-0.27562,-4.7024,-7.553,-7.6989,-2.0464,-0.085003,-6.2962,0.081626,-2.8104,-3.2754,2.2911,7.1979
452,-7.1797,-1.4849,-9.5442,-9.9194,1.2575,-10.578,-8.836,-9.8602,1.1579,-3.0318,-7.2507,-6.627,-12.424,-13.29,-16.313,-9.1372
453,9.864,-4.5908,-4.1034,-4.3239,-5.5234,-0.61922,-3.0773,1.1877,2.6659,-5.3519,5.9931,2.8333,-2.0159,-5.3819,-5.7985,-0.92819
454,19.584,-2.992,5.6197,10.489,-12.553,10.968,7.5863,15.082,9.7799,-4.0312,14.398,10.221,9.9876,8.7453,4.1595,8.7544
455,-1.9508,-7.0833,-0.97232,3.7547,-7.0465,-0.12742,-0.26881,-0.77827,-2.2771,-6.0206,-3.9568,2.1224,0.69582,-3.0013,12.406,8.7125
456,-4.5545,4.0001,-3.8973,-3.5588,-0.21709,-4.6839,-7.5012,-7.7395,-2.1191,-0.037949,-6.2257,0.024057,-2.7924,-3.2948,2.2145,7.1979
457,-7.1613,-1.5163,-9.5843,-9.8356,1.325,-10.563,-8.7936,-9.8422,1.1091,-3.1147,-7.1982,-6.5691,-12.415,-13.297,-16.346,-9.1372
458,9.8328,-4.595,-4.0443,-4.3751,-5.547,-0.6754,-3.0188,1.1504,2.6777,-5.3214,5.9912,2.8207,-1.9996,-5.3949,-5.7696,-0.92819
459,19.584,-2.999,5.6107,10.54,-12.514,10.933,7.5654,15.037,9.7121,-4.1004,14.409,10.2,9.965,8.7689,4.1439,8.7544
460,-1.9402,-7.0648,-0.94244,3.7141,-7.0346,-0.22231,-0.34042,-0.75095,-2.2377,-6.0616,-4.024,2.123,0.60907,-2.9456,12.323,8.7125
461,-4.611,3.9304,-3.9237,-3.5072,-0.23138,-4.7269,-7.5485,-7.6864,-2.0406,-0.018936,-6.3006,0.11436,-2.7381,-3.3589,2.2523,7.1979
462,-7.1934,-1.531,-9.6139,-9.8595,1.3177,-10.5,-8.8327,-9.8531,1.1814,-3.0703,-7.2523,-6.6073,-12.384,-13.239,-16.339,-9.1372
463,9.8417,-4.6343,-4.0698,-4.4018,-5.5431,-0.70342,-3.0524,1.1206,2.732,-5.2734,5.9842,2.7915,-2.06,-5.4506,-5.8086,-0.92819
464,19.573,-2.9011,5.5923,10.477,-12.46,10.953,7.5636,15.009,9.7179,-4.0299,14.36,10.19,10.053,8.6912,4.1175,8.7544
465,-1.9179,-7.1221,-0.9983,3.7101,-7.0301,-0.1985,-0.31325,-0.70355,-2.2518,-6.108,-4.0018,2.0969,0.6791,-3.0036,12.392,8.7125
466,-4.6174,3.9709,-3.8519,-3.5349,-0.22346,-4.7201,-7.5586,-7.7658,-2.0752,-0.062175,-6.2929,0.077588,-2.7207,-3.3041,2.2896,7.1979
467,-7.227,-1.5434,-9.5172,-9.8978,1.2436,-10.584,-8.7602,-9.794,1.1153,-3.0504,-7.2181,-6.6265,-12.376,-13.256,-16.298,-9.1372
468,9.8298,-4.6656,-4.1143,-4.3687,-5.5213,-0.61204,-3.0118,1.132,2.6794,-5.2776,5.9758,2.8054,-1.9965,-5.4356,-5.775,-0.92819
469,19.541,-2.9276,5.5707,10.492,-12.489,10.98,7.5904,15.012,9.7369,-4.0789,14.415,10.213,9.9808,8.7544,4.201,8.7544
470,-1.9733,-7.0829,-0.9649,3.692,-7.0443,-0.17972,-0.27023,-0.74219,-2.2668,-6.0503,-3.9819,2.1602,0.68196,-2.964,12.39,8.7125
471,-4.583,3.9589,-3.8564,-3.5487,-0.28662,-4.6368,-7.5654,-7.6811,-2.0704,-0.028665,-6.3019,0.054741,-2.7979,-3.2852,2.2958,7.1979
472,-7.1809,-1.5619,-9.5898,-9.869,1.3403,-10.552,-8.8113,-9.8299,1.1876,-3.1105,-7.1621,-6.5539,-12.456,-13.235,-16.335,-9.1372
473,9.8461,-4.6184,-4.1048,-4.361,-5.5521,-0.62992,-3.0215,1.2169,2.7088,-5.3064,5.9876,2.8372,-2.0332,-5.454,-5.7811,-0.92819
474,19.502,-2.99,5.534,10.512,-12.506,11.008,7.5493,15.046,9.754,-4.1125,14.346,10.218,9.9793,8.695,4.1629,8.7544
475,-1.9085,-7.062,-0.97731,3.7109,-7.0422,-0.22038,-0.29908,-0.72369,-2.2115,-6.0785,-3.9552,2.0905,0.659,-2.9763,12.348,8.7125
476,-4.5425,3.9838,-3.9002,-3.5024,-0.21181,-4.726,-7.5027,-7.6864,-2.1152,-0.063843,-6.2772,0.098449,-2.7519,-3.302,2.2407,7.1979
477,-7.2435,-1.5117,-9.6032,-9.8767,1.2563,-10.533,-8.7526,-9.7935,1.1494,-3.0687,-7.2394,-6.5785,-12.377,-13.306,-16.285,-9.1372
478,9.8675,-4.5841,-4.0432,-4.3436,-5.5803,-0.62653,-3.0079,1.1804,2.7508,-5.2991,5.9811,2.779,-2.0245,-5.4101,-5.8351,-0.92819
479,19.527,-2.9956,5.5471,10.555,-12.476,10.937,7.5158,15.075,9.7642,-4.0451,14.4,10.231,10.05,8.7154,4.1156,8.7544
480,-1.9085,-7.0566,-0.96118,3.6958,-6.9961,-0.14529,-0.33667,-0.7469,-2.2766,-6.0842,-4.0417,2.1251,0.69283,-3.0036,12.355,8.7125
481,-4.5538,3.9101,-3.9286,-3.5176,-0.22934,-4.6542,-7.5852,-7.7337,-2.0694,-0.035061,-6.2464,0.048445,-2.8085,-3.275,2.2508,7.1979
482,-7.2436,-1.5326,-9.5997,-9.8516,1.325,-10.539,-8.7785,-9.8033,1.1327,-3.1053,-7.1952,-6.6013,-12.411,-13.237,-16.309,-9.1372
483,9.8373,-4.612,-4.0926,-4.41,-5.5273,-0.68759,-3.0449,1.1861,2.6728,-5.2826,6.0518,2.8165,-2.0165,-5.4404,-5.8496,-0.92819
484,19.552,-2.9801,5.5529,10.474,-12.533,10.979,7.5157,15.049,9.7607,-4.1163,14.325,10.19,10.054,8.7493,4.1939,8.7544
485,13.905,10.464,-0.22126,-1.0232,8.4104,0.99621,3.9482,4.867,20.839,-1.5121,8.4094,1.0172,7.6034,12.769,-1.5225,0.19052
486,19.203,10.669,1.7158,0.37315,5.6661,3.719,4.6524,7.0211,10.216,1.1968,9.0464,3.9352,9.7047,15.398,-1.5871,9.593
487,20.798,7.7494,-3.7251,-8.852,1.6908,-2.0419,-2.7476,-0.084432,8.6263,8.3062,0.89594,-1.1219,1.8348,8.7278,-2.6974,6.5959
488,13.78,6.3735,-10.233,-17.251,5.6485,-8.4779,-8.5495,-12.145,2.1967,14.358,-9.8369,-7.6347,-1.4023,6.1012,2.5042,5.9482
489,-3.8969,7.5237,-12.261,-13.508,8.9506,-10.24,-10.147,-17.129,-5.5376,8.5352,-22.675,-16.35,-9.5396,0.61513,-11.037,6.4355
490,5.7675,4.4091,8.2364,11.708,-9.5287,9.9887,13.29,10.244,0.50823,7.8585,9.8826,8.8047,7.9206,7.7615,10.863,5.8706
491,-3.2881,4.4013,6.0295,10.86,-1.8293,4.8658,12.825,7.0242,-4.2322,6.9962,5.5814,7.9431,10.355,10.977,11.717,10.432
492,-0.28073,6.9098,1.0191,2.1034,6.559,-0.74883,8.0268,-0.37089,-2.603,6.8166,-0.6454,2.019,10.355,10.124,8.6181,8.9275
493,-7.5808,3.5422,-9.3448,-10.328,12.685,-10.328,-4.9736,-12.257,-7.5755,-8.2459,-8.1744,-5.4709,-0.44045,0.32084,-1.4246,-1.7432
494,-12.839,-2.3629,-5.3077,-1.3794,5.5125,-8.9529,-2.9895,-4.9528,-6.177,-14.831,-12.691,-10.372,-5.9326,-8.833,-10.913,-5.7341
495,5.7136,4.4335,8.2083,11.753,-9.4919,9.9614,13.296,10.2,0.46713,7.93,9.8994,8.7987,7.9267,7.796,10.83,5.8706
496,-3.3368,4.3904,6.015,10.89,-1.7803,4.8936,12.82,7.0031,-4.2302,6.9493,5.6331,7.9685,10.375,10.988,11.7,10.432
497,-0.33443,6.9335,0.98289,2.1743,6.5653,-0.7678,8.0078,-0.31724,-2.628,6.8902,-0.58125,2.0005,10.315,10.119,8.5712,8.9275
498,-7.5237,3.5286,-9.4055,-10.344,12.706,-10.314,-4.9051,-12.254,-7.6398,-8.2036,-8.199,-5.5017,-0.49279,0.27105,-1.4192,-1.7432
499,-12.818,-2.3279,-5.2538,-1.367,5.5314,-8.9474,-2.9813,-5.0182,-6.127,-14.816,-12.686,-10.426,-5.9283,-8.806,-10.899,-5.7341
