NaN,0,1,2,3,4,5,6,7,8,9,10,11,12,13,14,15
0,-0.59433,17.148,20.381,19.058,11.569,16.259,15.859,11.321,-6.1357,-0.52218,7.0284,2.4286,-0.3493,-2.8227,-13.347,-4.2483
1,0.85495,11.949,13.904,9.5761,3.6357,10.294,7.5815,6.1361,-5.6769,-2.3941,12.84,1.0192,0.93644,-1.1999,-5.287,6.9714
2,1.8897,7.2204,3.1136,1.706,-1.6746,-0.05916,-3.4715,-4.9002,-3.5706,-3.1296,-9.4928,-4.0128,-22.155,-23.111,-10.459,-7.2949
3,4.3055,-4.6227,-3.2181,-6.431,-11.702,-7.4419,-10.285,-9.3029,1.0653,-1.2298,-9.3067,-2.2596,-21.07,-23.634,-9.7592,-6.4135
4,2.3576,-5.9195,-4.4309,-7.5855,-11.191,-7.18,-10.735,-8.1564,-2.7601,-5.2621,-5.962,-9.9671,-19.088,-23.392,-16.283,-12.071
5,6.3424,-12.722,-12.835,-11.747,-14.074,-12.488,-12.288,-11.486,-3.5637,4.955,-3.7818,1.5674,-12.025,-16.221,-22.091,-17.273
6,-0.42313,7.8313,6.5857,8.6223,7.2987,11.373,11.064,11.424,-5.0965,1.7731,12.302,3.6462,11.189,6.4619,-9.3112,6.0113
7,-0.032053,10.475,9.5842,7.3642,7.7207,15.86,14.16,17.698,1.3186,-2.6884,14.255,-0.95904,20.735,16.812,1.99,8.4571
8,5.0797,-9.0185,-8.1534,-11.791,-6.7081,-3.7698,-7.688,1.8786,7.4559,2.1672,4.1667,4.8817,17.794,14.74,11.402,2.3569
9,5.5195,-10.527,-13.186,-16.558,-10.421,-9.3563,-15.219,-6.7764,3.3393,3.2222,-5.6148,4.8856,8.1039,5.499,7.723,1.3465
10,3.4471,-0.95451,-3.7791,-6.539,-6.6793,-1.5439,-10.628,-6.6905,-1.6609,7.851,-14.362,7.6408,-5.8806,-6.1712,1.1731,-4.3708
11,-4.3135,11.148,10.879,11.722,6.8175,9.7722,2.4388,2.5767,-5.8917,2.6609,1.1928,-1.6542,2.7397,6.9729,-2.3516,5.0957
12,-6.6945,8.2428,11.235,13.848,10.468,7.9662,7.4908,3.0213,-3.2749,-5.0024,6.1973,-8.0536,2.807,5.5344,2.7052,10.613
13,-4.7412,2.3667,5.2112,7.4939,9.4161,3.003,7.8691,1.36,-0.11139,-7.7629,3.3164,-7.9141,-5.0847,-1.3265,-5.1776,2.1723
14,-2.0614,-1.8947,0.33638,-0.39384,1.3649,-5.1601,2.2492,-0.050708,-0.17344,-6.9453,0.68065,-9.7251,-8.2181,-4.7543,-13.358,-4.3092
15,-3.7445,3.4667,5.3506,9.0603,7.1116,-0.12695,7.6696,3.8628,-0.099077,0.14875,0.024716,-4.2741,-7.5102,-6.3232,-15.932,-4.922
16,-7.9408,8.8814,10.95,13.927,12.03,6.6428,15.244,13.634,-3.0644,-9.1868,14.817,-12.389,9.3294,10.432,-15.099,10.636
17,-3.5215,-1.27,0.069746,-0.073089,-0.073854,-3.0093,1.9918,5.0739,2.0966,-4.5939,4.0509,-6.1062,4.1914,1.4766,-6.6309,9.6038
18,0.078652,-13.051,-10.636,-8.6162,-6.6732,-11.864,-11.542,-7.6916,-1.3056,1.6322,-14.245,-0.4079,-10.604,-17.764,-0.087834,-4.7626
19,4.527,-6.5908,-5.7995,-4.0591,-2.6697,-9.0534,-8.5471,-5.0764,-2.6618,7.8148,-4.0066,8.6531,2.8233,-5.0103,9.3527,0.33504
20,4.7257,1.629,-1.5959,-0.83632,0.59704,-5.717,-0.72518,1.8052,0.47255,5.3278,1.6167,5.2548,13.015,4.4609,13.046,5.0122
21,7.7591,-2.2826,-5.0671,-4.2517,-3.3303,-5.7123,-0.52578,-0.55218,5.3173,10.05,-4.8174,13.465,9.0532,-0.33704,21.584,-3.2915
22,5.7715,3.9608,-0.11903,3.0701,5.003,2.0339,7.0796,5.4247,1.7407,2.9104,-0.45432,8.5082,13.223,7.4605,18.464,-0.15853
23,0.29881,20.959,16.711,24.015,27.309,20.588,24.899,18.443,2.7859,5.0563,14.597,11.147,22.302,23.224,19.518,14.325
24,4.0753,-4.422,3.7487,0.81633,5.3537,3.0884,5.6423,0.27024,2.9762,-5.5883,17.813,-0.99381,18.636,25.237,18.479,21.286
25,4.2416,-6.8499,-4.8382,-6.6754,-7.0796,-4.8756,-8.4994,-14.904,2.6147,4.5279,-12.798,10.008,-16.039,-10.212,7.3635,-5.3231
26,-4.5096,11.193,5.4826,8.8383,5.4107,8.07,2.1014,-3.9808,-4.0407,-4.5728,-6.692,-2.322,-14.207,-10.242,-5.8866,-5.5665
27,-0.76078,6.0285,8.461,4.184,0.46121,6.5581,2.4634,-0.83649,-2.6078,-8.8951,7.4614,-6.201,-2.7796,2.3634,3.8671,6.4247
28,2.0643,-7.5099,-2.7171,-7.0462,-10.677,-4.3364,-7.6993,-8.8598,-0.62379,-10.18,-10.888,-9.4475,-21.571,-18.194,-8.9915,-8.3018
29,2.7824,-0.48126,-5.6208,-6.6863,-10.817,-3.6111,-9.9283,-8.7067,0.7163,-7.2292,-12.373,-3.9007,-22.97,-21.809,-17.214,-15.038
30,-1.7283,21.528,7.1787,7.3747,3.73,14.713,5.471,10.61,-3.7259,-15.343,12.128,-15.451,0.79133,-0.11271,-19.954,-6.1449
31,4.0125,6.427,-2.8344,-5.5102,-6.1215,2.7352,-5.6943,4.6329,1.8038,-9.2747,8.0188,-10.496,2.0874,-2.5065,-6.9591,1.087
32,7.9677,-7.0265,-8.923,-12.667,-15.064,-9.5769,-11.581,-3.4564,8.0978,-1.4422,-0.88157,-2.1491,0.14958,-3.0116,-2.7,-2.6045
33,10.82,-26.888,-17.829,-21.621,-17.834,-23.849,-13.9,-10.608,9.1607,11.21,-9.0725,13.46,-2.3044,-5.1827,0.78112,-11.678
34,11.369,-21.873,-16.913,-13.968,-8.6507,-20.579,-12.807,-9.0421,2.7026,23.605,-22.558,22.956,-13.212,-15.762,-5.045,-21.594
35,1.5287,16.479,12.836,24.345,22.544,16.893,20.843,23.015,-4.2684,16.963,8.9609,14.33,17.88,17.132,-2.0806,6.7113
36,-2.737,16.072,19,24.904,28.337,21.339,30.311,29.317,-3.1851,-1.0094,36.343,-1.5957,44.659,44.672,10.93,36.714
37,-0.72849,-1.9315,3.8741,3.6869,7.7692,-0.38769,3.0938,5.9655,0.39334,1.4534,6.514,1.5742,15.303,17.392,19.74,21.075
38,-3.3554,-1.4196,-0.95154,1.911,7.3354,-2.4703,-4.4273,-2.026,-0.16509,4.1666,-3.9795,2.5206,1.7491,5.2643,10.099,9.3033
39,-4.951,-8.4998,-9.1478,-9.5291,-1.2079,-8.4247,-12.473,-10.759,-2.5329,-3.7988,-3.6782,-7.8518,-4.4805,-1.5257,-1.434,4.8277
40,-4.9609,-8.4862,-9.0894,-9.4576,-1.2295,-8.3822,-12.508,-10.706,-2.4663,-3.7632,-3.7449,-7.8348,-4.4314,-1.5156,-1.4871,4.8277
41,-5.8991,-7.1207,-8.6616,-8.1066,-8.0217,-8.1762,-12.029,-15.732,2.2004,1.637,-13.879,-3.6144,-19.739,-16.79,-8.1191,-10.158
42,-9.0645,2.363,1.0515,1.4732,-0.74611,-0.21565,-0.48046,-8.0022,1.8096,-6.5372,-6.1891,-9.9352,-14.403,-12.375,-13.246,-10.084
43,-9.0807,4.9172,7.1888,5.1011,2.9626,6.2671,4.0076,-3.0384,2.0633,-10.386,4.1642,-11.694,-2.7258,-0.87436,-11.44,-3.9881
44,-4.1501,-1.0935,2.2523,0.65006,-4.6605,1.9892,1.3242,-4.4113,2.348,-7.5505,-3.375,-11.164,-7.9979,-4.8653,-5.502,-6.7552
45,0.39314,-2.0861,-2.2012,-2.6408,-5.8018,-0.91593,-0.035163,-1.8256,1.1014,3.7997,-3.1403,11.905,-5.4681,-7.1484,2.7235,-8.2908
46,-1.4573,7.5782,8.5883,10.145,10.387,13.641,9.4853,13.895,-4.2836,-2.313,11.574,2.5768,9.9023,7.2098,1.6593,4.2497
47,7.1831,-10.943,-4.5144,-7.4477,-5.0365,-4.4592,-5.001,2.3064,1.2349,4.6411,9.0122,6.6147,10.777,7.8496,11.249,5.7987
48,6.5389,-8.589,-9.6997,-12.497,-10.004,-7.7847,-10.767,-6.5316,2.0939,7.277,-9.9453,8.6971,-6.5481,-7.4727,4.0005,-7.2096
49,-4.7259,21.171,15.281,13.069,15.033,19.415,13.478,11.804,-1.9519,6.6705,4.3422,9.3873,7.8696,6.592,7.0027,4.6381
50,-4.2226,11.333,13.278,7.4412,6.3679,11.065,10.019,8.8739,-0.51576,-4.9551,10.139,-7.2867,15.004,13.862,15.849,11.684
51,3.3097,-14.875,-8.2822,-11.838,-13.554,-15.364,-12.904,-12.342,5.8869,0.98997,-8.6752,-2.1934,-4.2986,-3.431,18.141,2.6064
52,-1.6379,-4.8797,-7.0612,-4.7987,-7.9175,-9.6171,-9.9943,-14.69,-0.63472,3.5214,-21.593,-4.0837,-23.167,-21.573,-1.5323,-11.113
53,-5.6875,17.375,13.404,16.217,11.476,12.283,12.529,7.407,-8.0707,-0.72346,-2.6467,-5.9644,-7.5544,-5.8985,-7.07,-4.6043
54,2.7461,-8.7964,-1.5536,-4.6891,-5.9541,-7.042,-2.1728,0.97108,-4.4529,-11.121,8.9941,-11.921,6.4581,8.0577,-4.4797,4.3852
55,4.9231,-16.817,-13.663,-12.67,-13.751,-15.27,-15.355,-12.977,-1.5417,4.0535,-19.346,3.2845,-17.499,-19.232,-7.6663,-18.322
56,-1.925,-0.44639,0.095288,5.5917,3.8463,1.9583,1.2554,1.6699,-12.297,-0.2171,-7.2459,-5.1113,-3.8189,-6.4534,-15.234,-9.3736
57,1.8725,-15.35,-9.7131,-9.041,-6.4651,-10.082,-3.5624,-1.0478,-11.999,-4.0491,7.0116,-7.9295,10.242,6.1471,-5.0951,6.4693
58,3.1144,-14.301,-14.222,-10.33,-8.0517,-9.2578,-3.7816,-5.2191,-6.5017,5.9952,-0.7628,4.9193,-0.87569,-4.2168,-6.7576,-7.0749
59,2.2071,-7.7572,-8.9792,-7.1256,-5.8547,-2.9003,-1.2024,-3.0782,-3.4948,9.6555,0.32126,13.811,-7.7778,-5.1333,-5.4119,-3.7457
60,-4.893,20.8,23.9,20.581,21.625,20.967,33.657,19.695,2.4213,-8.8065,26.239,-7.9761,28.644,30.776,17.328,29.976
61,3.6966,5.3977,8.7198,3.9092,3.4376,3.2532,7.071,2.015,9.0921,-1.7465,0.11136,-2.9229,3.5701,10.713,20.402,16.711
62,-2.8722,14.821,13.902,11.398,9.1837,12.322,13.001,9.2762,3.8554,-7.5168,2.1501,-6.3846,-2.8921,4.7484,9.6007,6.7792
63,1.8798,-9.0201,-8.1515,-10.598,-8.9984,-13.183,-12.544,-15.025,8.6017,-3.5508,-10.967,-1.6867,-16.523,-12.881,4.1847,-5.614
64,0.96151,-8.7481,-12.849,-13.387,-13.204,-14.055,-19.974,-17.199,5.6858,-1.9347,-17.043,-7.8208,-24.634,-21.944,-12.577,-16.534
65,-3.152,8.6089,2.8475,1.2554,-0.84547,6.2074,-2.0968,1.7896,2.7668,-4.3608,2.6096,-9.8726,-4.7601,-7.6689,-13.502,-5.5641
66,-3.4701,-4.2169,-11.516,-12.061,-12.647,-9.8567,-16.217,-11.145,3.9133,-7.4398,-7.4392,-10.701,-9.3291,-15.372,-15.487,-7.2997
67,-2.7061,-6.0884,-13.077,-11.821,-9.6827,-9.8893,-14.852,-8.7165,1.3287,-6.5626,0.11964,-7.3494,-2.1106,-8.5248,-13.879,-3.9897
68,6.5645,-24.511,-20.975,-20.532,-17.001,-20.286,-19.175,-7.5282,-0.014868,-9.512,1.2811,-9.4925,2.888,-7.1837,-4.1558,-0.6091
69,13.487,-26.239,-23.674,-18.632,-16.498,-19.388,-20.463,-6.1897,6.089,11.532,-13.168,14.459,-6.0048,-16.213,0.50376,-14.88
70,3.6875,3.2225,4.544,3.7687,6.9418,11.498,2.4687,15.165,3.1736,13.651,17.273,19.326,18.277,15.628,6.8425,1.9789
71,3.6433,12.17,14.498,15.021,14.492,19.767,16.448,22.265,0.23091,10.089,23.527,14.564,24.418,26.889,11.208,5.1729
72,10.181,13.234,15.835,14.386,12.712,13.786,10.678,9.8327,1.1195,14.034,9.8885,21.001,13.063,17.09,16.661,8.7593
73,6.4286,19.922,13.642,14.14,10.887,9.1076,8.3122,2.2463,-3.5374,6.9791,-1.5295,8.7398,2.4907,9.8569,11.175,9.1381
74,-3.6544,25.332,19.021,20.217,16.755,13.393,17.413,4.8198,-5.378,1.0078,-4.4611,0.41244,-0.68057,7.2661,8.9243,2.7042
75,-7.4637,16.81,15.677,12.542,9.9401,8.4433,12.476,-1.0274,-7.6761,-12.773,-4.4932,-13.27,-4.1891,1.7016,-0.80414,3.5424
76,-8.7219,8.5902,6.186,3.4599,2.4581,0.11173,0.75212,-11.201,-4.6905,-9.1611,-12.556,-8.9818,-15.094,-9.9201,-2.9145,1.9512
77,-10.517,-6.1088,-1.4159,-7.7968,-5.6529,-10.78,-6.7931,-16.334,-1.6771,-13.738,-7.9635,-17.649,-10.879,-5.7231,-9.1804,0.098176
78,-3.782,-25.11,-14.053,-18.722,-17.465,-23.83,-18.567,-24.817,2.0468,-6.196,-17.386,-10.886,-18.702,-15.701,-6.289,-9.5502
79,-4.5854,-16.225,-10.354,-7.6733,-8.046,-12.096,-11.711,-13.95,1.5892,1.2107,-19.221,-5.5105,-20.208,-19.162,-12.104,-17.493
80,-8.4979,-4.2206,-1.1415,-0.63248,-2.1779,1.728,3.0268,6.9388,-1.4559,-5.4965,10.131,-13.171,7.931,5.449,-8.0825,0.38247
81,-2.6688,-9.7194,-6.2661,-4.5423,-5.6091,-1.8333,-3.6058,6.405,2.1577,-0.58947,9.804,-7.8085,10.362,2.3817,-0.5922,-0.10932
82,3.5335,-8.28,-3.1961,-5.0258,-1.0908,1.6435,-1.7776,12.745,2.5399,4.551,14.276,1.9888,16.313,5.4814,8.0596,-1.6364
83,8.2929,-3.6581,2.2503,-1.3787,0.56041,9.8249,10.473,22.185,3.25,10.96,26.79,12.599,28.811,18.927,19.319,2.2319
84,9.0934,2.4122,5.7741,7.083,7.1192,12.15,14.065,23.453,1.7794,16.492,20.016,19.69,30.682,19.665,24.784,4.7035
85,5.0023,15.165,15.371,16.409,17.524,16.157,21.233,23.92,0.19771,12.731,23.583,21.392,38.007,28.439,27.674,19.828
86,4.4495,5.7138,9.2326,3.8092,2.5952,2.5213,6.2748,4.2609,0.79679,2.068,8.1228,12.964,16.536,12.855,19.569,22.151
87,1.563,5.9726,8.4197,4.8694,1.9332,1.2851,0.89281,-7.0859,1.3733,7.0464,-12.098,14.714,-13.04,-7.7871,-2.5316,4.3492
88,-1.8581,-1.3902,-0.10591,1.0796,-1.6623,-7.3001,-4.2511,-17.899,-2.7034,3.8407,-21.319,3.5535,-29.008,-16.438,-23.834,-3.0918
89,-2.0129,-13.415,-13.64,-10.07,-12.892,-23.046,-19.098,-36.681,-1.3144,5.4713,-33.623,1.0672,-43.086,-28.397,-31.607,-6.3267
90,-9.0239,-13.026,-17.395,-12.879,-16.137,-22.029,-17.731,-38.038,-7.5661,-2.653,-36.864,-8.4343,-47.14,-33.697,-37.024,-17.365
91,-9.4937,-7.2001,-17.739,-13.524,-14.862,-16.227,-17.506,-29.819,-8.0769,0.16131,-32.893,-6.0611,-43.276,-35.665,-28.509,-24.861
92,-16.044,6.0685,-5.4753,-1.9711,2.1235,-2.8631,-8.0096,-5.5297,-7.0246,-13.882,-10.212,-24.234,-19.04,-17.894,-22.544,-13.118
93,-15.057,3.6871,-0.31723,2.6005,6.7559,0.97011,-2.6441,6.2928,-1.633,-16.38,3.832,-23.404,-0.032664,-1.6591,-4.3405,2.931
94,-5.038,-23.802,-20.03,-21.453,-18.138,-19.676,-22.822,-9.383,-0.40439,-14.175,-3.0785,-20.189,-2.2687,-3.7364,-2.1467,3.1793
95,-1.1933,2.7566,0.27288,-1.4068,7.6312,12.391,6.6722,17.485,1.2366,2.9002,11.382,1.3459,17.542,20.627,-7.9522,-2.2865
96,2.1331,8.2685,8.1113,4.2614,13.318,18.705,18.851,24.695,5.0874,4.3188,24.723,7.772,37.33,42.326,12.748,13.539
97,4.5466,18.187,16.467,10.982,22.412,29.037,23.73,31.86,5.01,2.4236,32.914,5.2242,47.228,51.965,25.278,22.749
98,12.846,15.433,14.386,12.238,21.915,26.492,22.458,24.377,5.064,10.052,25.385,15.045,41.189,47.713,37.244,25.396
99,14.084,12.723,13.555,13.275,17.03,22.089,23.967,13.719,1.3353,9.2849,16.21,13.416,29.088,40.576,31.933,16.762
100,-1.145,2.7847,0.32973,-1.381,7.6377,12.323,6.6439,17.52,1.1797,2.9581,11.398,1.3437,17.571,20.584,-7.8686,-2.2865
101,2.0915,8.2869,8.0397,4.1937,13.331,18.767,18.893,24.688,5.0812,4.371,24.698,7.7923,37.284,42.279,12.807,13.539
102,4.5845,18.146,16.534,11.042,22.41,28.988,23.707,31.867,5.0806,2.3779,32.92,5.2297,47.173,51.896,25.238,22.749
103,12.8,15.392,14.397,12.249,21.973,26.567,22.468,24.348,5.0818,10.03,25.399,15.105,41.199,47.722,37.316,25.396
104,14.025,12.739,13.514,13.324,17.004,22.009,23.889,13.706,1.2909,9.2853,16.219,13.462,29.162,40.637,31.95,16.762
105,9.157,21.634,19.175,18.554,16.4,23.239,24.013,6.8511,1.6131,11.366,6.7854,14.019,13.275,25.984,22.122,7.6184
106,5.3442,24.094,20.482,20.337,12.415,19.369,17.03,1.6445,4.2099,6.6214,-4.5591,6.8538,-4.7676,7.9983,8.0168,-1.1954
107,4.5638,3.7231,8.055,6.5497,-0.0078638,-0.38373,-0.30375,-8.2036,1.5041,-2.877,-8.1768,-1.052,-13.166,0.35246,2.4676,-0.67608
108,-1.7358,0.93037,0.15813,5.4644,0.41741,-5.0583,-2.8503,-14.244,-1.2738,-1.5088,-18.355,-0.67676,-25.334,-15.017,-7.4621,-6.5054
109,-7.9644,1.3497,-3.7301,2.8936,-4.946,-6.8329,-7.1587,-18.445,-2.123,-1.4211,-22.436,-1.449,-27.864,-25.452,-9.869,-7.8007
110,-8.8756,-11.804,-10.74,-10.907,-14.322,-20.495,-16.842,-22.284,-6.6876,-11.626,-10.358,-12.246,-15.851,-18.32,-14.671,-1.54
111,-7.3415,-19.271,-18.284,-14.86,-12.816,-26.051,-21.213,-25.585,-6.474,-7.9957,-24.165,-8.9659,-26.824,-31.631,-18.713,-14.846
112,-7.1093,-7.5548,-12.276,-1.1265,-0.19385,-10.716,-7.9179,-11.546,-1.6278,-4.7869,-12.645,-5.0048,-12.065,-18.394,-16.388,-11.137
113,-3.3654,-8.9957,-10.9,-6.8227,-3.9357,-10.305,-7.9072,-1.6668,-0.35534,-16.573,12.003,-16.904,15.805,7.358,-2.6548,9.8184
114,2.2105,-3.8142,-7.2016,-4.3008,0.27579,-4.6873,-5.69,0.23408,2.8655,-6.8739,-0.18836,-6.5601,7.7534,-1.3119,11.041,6.0095
115,6.3203,-12.693,-5.3361,-9.5047,-4.4888,-5.3219,-2.9896,8.0895,1.0607,-2.1568,9.8926,2.0666,18.908,12.011,27.029,9.1672
116,4.6161,4.8486,4.4858,4.9021,2.5769,9.2054,8.7831,14.66,1.0501,3.0285,3.6812,3.3224,9.8037,3.4363,18.855,1.2769
117,9.2251,7.1304,8.3727,2.0668,-1.3547,8.7667,9.5907,14.132,1.6487,6.8384,14.092,5.7293,12.698,9.4846,15.087,1.2022
118,11.291,-8.247,-3.7625,-13.438,-16.335,-5.9878,-4.6538,-0.6023,5.7939,7.8669,4.8042,7.819,-0.19826,-1.7193,1.4441,-15.749
119,9.8521,2.1963,2.7846,-0.74471,-7.0866,1.1653,6.0142,2.4796,14.297,18.741,-3.9782,21.257,-9.7343,-11.245,-10.635,-21.555
120,-8.1911,24.116,26.463,25.499,15.53,25.88,21.747,17.049,-1.4292,5.4029,15.086,6.7624,9.4612,7.4781,-5.3733,5.2967
121,-11.857,17.457,20.247,20.627,13.854,20.165,20.086,14.251,-0.91045,-7.7187,12.201,-8.9693,12.27,9.362,-2.8904,11.041
122,-3.7392,-5.4699,-1.308,-4.5058,-8.7577,-5.4572,-4.849,-6.2946,6.0114,-1.4987,-7.3892,-0.15716,-5.3784,-6.9087,-1.6451,-0.070747
123,-4.8639,-10.584,-7.865,-10.988,-12.457,-12.007,-12.611,-10.907,0.10722,-2.2593,-10.788,-1.5997,-9.887,-11.166,-11.849,-11.161
124,-8.281,-13.189,-11.421,-9.5858,-3.4678,-13.755,-13.367,-11.667,-0.78308,4.3531,-13.837,5.6978,-9.3771,-11.55,-8.2102,-5.0038
125,-3.071,-8.9018,-13.774,-7.0946,-5.8444,-15.406,-14.703,-12.078,-9.7275,-2.1893,-7.9504,0.60919,-9.7457,-9.9165,-5.0353,-2.2129
126,-1.4025,-6.2772,-11.763,-7.2473,-3.814,-12.444,-9.0724,-10.031,-7.7389,-9.1487,4.1258,-10.443,-3.6203,-3.2828,-6.9882,9.3618
127,4.498,-13.567,-18.431,-18.024,-18.657,-20.193,-20.578,-18.493,-1.819,-3.1324,-11.361,-4.1406,-21.58,-20.616,-0.8776,-8.9024
128,2.3964,11.978,3.8523,6.2448,1.3171,2.8435,-1.0266,0.73266,-2.7125,-2.9039,-4.3898,-3.4117,-19.02,-18.638,-6.0004,-13.915
129,6.0704,16.227,13.277,13.174,9.8814,12.843,9.5305,9.4925,-2.2631,-8.1863,15.342,-6.6285,-0.36132,0.66163,1.2927,3.2448
130,4.1986,5.6697,6.7244,2.158,-3.1125,6.5578,1.4174,9.0763,4.1175,-8.8088,9.7376,-2.8979,3.4913,-2.969,-2.0749,-2.2588
131,3.2363,0.81092,6.3805,2.4572,1.0296,6.0031,3.7696,13.894,3.372,-9.5057,8.3164,-2.0576,10.012,4.1939,-4.3014,-0.3288
132,-2.8853,4.9891,7.1385,5.2286,9.8001,8.8858,8.0074,12.073,5.3073,-2.8554,5.283,5.0413,13.091,8.0946,-7.6521,1.4461
133,-7.512,5.5552,5.9022,8.2382,11.125,9.2124,6.7829,7.5857,3.3236,-7.1734,2.1557,-0.24784,12.636,9.6337,-8.273,4.9663
134,-5.1952,5.6845,9.3025,13.036,15.799,12.068,12.254,11.98,3.7853,-8.6011,12.848,-0.70479,20.812,21.95,2.4853,16.635
135,-2.0205,-3.7408,-2.6723,2.2989,4.1002,-1.7841,-1.157,-0.32348,5.5196,-4.1171,-2.8159,-0.79156,0.13281,3.2442,9.4154,8.9923
136,-2.2739,-8.8959,-10.384,-1.9887,-1.7073,-8.4445,-5.5324,-10.05,4.0259,5.3415,-13.654,6.0978,-11.489,-6.4899,10.449,-1.9981
137,-0.10816,-15.457,-15.357,-12.901,-7.6944,-15.984,-8.8203,-16.144,-2.0932,-0.073697,-6.4246,-4.1417,-6.083,-0.8723,4.1581,0.6861
138,4.9151,-11.534,-15.245,-13.226,-10.515,-18.161,-11.74,-18.937,0.38267,11.211,-17.551,6.2085,-19.222,-15.036,1.221,-6.9228
139,5.8244,-7.5127,-9.0744,-2.672,-4.3347,-13.472,-4.7541,-13.259,-2.8448,9.4094,-19.448,4.1583,-20.294,-15.064,-7.803,-8.0959
140,-0.14468,3.9506,3.464,3.2469,5.3419,3.4432,3.9416,5.5793,-7.5808,10.365,5.5322,4.7697,5.8269,5.9096,-1.2468,0.89969
141,0.63344,12.301,10.62,10.166,6.7873,12.808,10.455,13.739,-4.9086,14.048,9.275,11.546,9.1755,2.4049,6.505,-0.43293
142,2.4507,14.945,13.78,12.467,6.165,16.924,12.74,19.113,0.34629,5.0509,18.302,4.2643,18.066,7.8265,8.0891,4.6464
143,5.9385,1.4235,5.4803,-1.7494,-6.1161,5.6116,1.8957,9.733,3.8602,4.5655,20.195,7.8372,19.335,9.8994,12.099,4.2875
144,7.4914,-17.209,-11.866,-20.15,-21.091,-13.952,-16.779,-9.7017,3.3306,6.8442,-3.9162,7.3149,-4.5538,-12.169,-2.339,-16.503
145,0.84736,-8.4841,-8.6458,-10.112,-11.144,-6.4629,-12.786,-13.878,1.5717,12.63,-20.161,13.336,-20.711,-26.65,-11.079,-25.982
146,-10.303,19.601,14.74,21.367,20.973,18.275,13.135,5.2965,-4.0467,-3.3764,2.5944,-5.3543,2.4481,3.5819,-13.394,2.5351
147,-5.0303,4.335,7.8593,8.1952,10.976,2.8394,3.8746,-0.27894,-4.2738,-16.507,17.123,-18.186,16.613,22.178,4.6676,26.685
148,4.5375,-16.667,-12.352,-16.678,-14.536,-19.447,-19.816,-22.498,-4.5615,-11.511,-12.441,-16.011,-15.812,-9.3211,4.3995,0.7189
149,4.1341,-10.578,-12.255,-14.473,-11.282,-17.615,-21.091,-24.905,-6.109,0.2758,-30.379,-6.174,-36.603,-28.373,-6.5281,-15.383
150,4.2262,-24.653,-23.385,-25.217,-18.576,-30.231,-29.083,-29.914,-8.1528,-0.43172,-25.862,-6.4487,-29.559,-23.441,-9.5689,-7.112
151,1.2758,-18.297,-18.325,-11.923,-6.3902,-20.858,-17.58,-16.812,-9.5953,4.174,-26.187,-3.8648,-23.109,-20.92,-5.2594,-15.043
152,-4.4664,5.5557,5.9142,14.131,17.173,9.2062,10.636,14.886,-9.7465,-3.8363,6.7633,-10.593,12.405,10.52,-1.5832,1.8918
153,1.4142,9.3095,11.436,12.162,12.92,16.853,16.561,30.504,-1.8337,-9.0482,29.263,-9.1906,37.212,29.144,15.307,24.108
154,6.9002,18.911,19.844,16.971,16.341,27.533,25.822,41.66,6.3691,5.9554,34.267,7.2408,42.931,31.274,25.98,22.536
155,6.844,18.934,19.894,16.988,16.343,27.493,25.844,41.638,6.3511,5.9826,34.247,7.3032,42.999,31.267,25.992,22.536
156,2.3329,18.61,20.493,16.118,16.302,29.855,27.665,40.447,6.6495,7.4416,34.915,8.9834,45.341,32.671,22.685,15.147
157,-0.87307,21.86,20.02,17.799,13.9,29.922,25.894,35.807,11.731,6.5582,29.597,12.19,38.667,28.367,17.289,8.6507
158,5.7884,1.0752,4.0762,-4.1677,-11.18,6.5523,3.8827,13.217,10.963,1.0146,14.013,6.5515,16.589,10.33,3.3848,2.0946
159,5.7054,-5.2213,-7.3678,-11.793,-17.928,-5.5977,-9.7821,-9.3504,9.742,12.165,-17.225,16.956,-21.223,-22.184,-13.899,-23.601
160,6.8579,18.897,19.843,17.014,16.303,27.44,25.88,41.662,6.3866,5.9927,34.24,7.2812,42.938,31.223,26.004,22.536
161,2.3814,18.668,20.49,16.14,16.233,29.79,27.72,40.495,6.6431,7.3925,34.877,8.9394,45.41,32.594,22.729,15.147
162,-0.85594,21.851,19.968,17.86,13.835,29.928,25.888,35.85,11.708,6.4865,29.54,12.129,38.599,28.42,17.234,8.6507
163,5.8186,1.0006,4.0782,-4.2229,-11.159,6.4713,3.8348,13.229,10.957,0.9258,14.027,6.5588,16.612,10.393,3.4077,2.0946
164,5.7261,-5.1914,-7.4306,-11.79,-17.852,-5.6084,-9.7916,-9.3805,9.7444,12.24,-17.281,16.983,-21.238,-22.185,-13.891,-23.601
165,-4.8414,-4.4693,-7.7056,-10.029,-12.962,-7.8625,-10.663,-16.422,2.7939,-1.0522,-15.064,0.48704,-25.69,-21.062,-29.227,-15.269
166,-5.1177,-18.671,-18.992,-25.649,-27.547,-21.929,-24.948,-35.828,-1.072,0.61723,-28.174,1.1827,-42.064,-32.744,-25.901,-15.919
167,-11.851,-15.392,-22.982,-23.508,-25.001,-24.092,-28.097,-43.013,-11.309,-1.9752,-41.882,-4.3984,-56.199,-44.766,-29.476,-29.923
168,-16.761,-5.4071,-13.691,-8.1282,-6.1292,-13.467,-15.688,-28.576,-13.784,-9.5082,-19.459,-11.622,-34.011,-23.733,-30.092,-8.3247
169,-14.236,-12.704,-15.766,-13.227,-4.9724,-13.27,-13.75,-21.964,-8.9848,-15.482,-14.15,-20.76,-23.726,-14.298,-24.987,-0.21925
170,-9.3836,-13.086,-15.587,-12.596,-3.6077,-13.065,-11.689,-17.337,-1.1227,-5.988,-14.919,-8.7465,-19.283,-13.17,-6.7724,-4.7924
171,-8.9296,-1.8007,-3.2566,2.7931,10.952,-0.75066,3.7814,3.2588,-1.3595,-15.151,8.7972,-16.873,10.345,10.075,2.9262,16.497
172,-2.4525,-10.314,-5.9259,-0.80495,10.241,-5.1543,1.9572,9.0683,2.3857,-12.214,13.933,-8.4962,28.031,21.861,20.341,24.983
173,-0.40047,-14.082,-6.7046,-2.5329,6.9166,-5.4108,1.242,13.897,-0.62739,-10.057,13.342,-5.0893,34.869,25.306,25.077,17.43
174,0.92493,2.7033,5.932,10.566,15.793,6.8646,12.644,23.606,1.1574,7.4114,7.7049,12.435,30.158,18.479,31.19,10.596
175,0.93811,2.6594,5.9074,10.504,15.767,6.8719,12.682,23.659,1.2164,7.389,7.6876,12.446,30.129,18.458,31.163,10.596
176,1.8392,14.19,15.8,17.713,18.278,14.684,19.912,29.502,2.8671,3.9572,20.64,8.14,38.434,28.378,25.657,19.01
177,7.9582,11.611,16.968,11.856,3.8822,15.95,14.277,25.111,8.9861,8.8116,24.243,14.884,34.812,27.388,27.978,15.278
178,10.801,16.226,19.371,15.765,3.2313,19.485,14.959,18.37,12.566,17.717,5.9927,18.63,10.51,5.6857,17.156,-10.39
179,6.4417,40.462,39.58,38.643,22.911,37.734,35.985,29.747,7.5332,12.92,16.671,11.983,15.919,16.65,10.398,-1.4684
180,9.5806,31.541,30.692,24.427,10.926,25.332,24.879,17.881,5.1059,4.2164,14.343,4.2204,6.5156,13.485,8.3068,4.8545
181,10.248,9.7686,8.6102,3.7068,-6.4882,-0.034361,1.8491,-7.4563,1.5567,3.7295,-7.7933,6.0558,-21.481,-12.628,-1.5999,-11.891
182,-0.42793,17.413,11.771,17.727,2.9947,5.7463,6.6918,-7.9323,-5.0529,-3.6818,-5.58,-0.1502,-21.429,-8.5378,-18.737,-10.978
183,0.4613,-0.50699,-5.0009,-4.0128,-12.352,-11.32,-12.492,-25.899,-5.9107,-11.157,-15.527,-6.9092,-32.222,-17.407,-19.429,-9.4586
184,1.2448,-14.611,-15.547,-16.034,-15.299,-22.113,-24.271,-36.643,-4.8316,-3.4495,-30.853,-1.919,-45.691,-33.24,-21.629,-19.848
185,-3.6152,-13.642,-12.618,-9.7473,-7.4524,-15.326,-18.753,-22.452,-8.344,-3.0147,-21.671,-7.7829,-27.327,-20.224,-21.465,-7.1025
186,-4.4032,-12.031,-14.424,-10.382,-6.5678,-11.003,-15.728,-9.9455,-7.9163,-1.2476,-7.7179,-8.5133,-6.7949,-8.9404,-11.714,-0.59109
187,-9.013,-10.587,-9.8792,-2.0523,1.1857,-6.318,-6.5663,0.78733,-5.9412,-6.4634,4.6142,-11.78,7.7786,-0.18393,-4.8473,0.88889
188,-7.1131,-18.719,-14.486,-11.293,-6.1074,-14.213,-11.075,-2.8225,3.9823,-1.4729,2.7969,-4.199,10.11,2.1802,5.6252,5.4139
189,-1.5071,-21.907,-20.427,-19.287,-18.433,-22.195,-20.603,-13.532,8.0363,8.0769,-15.774,1.1587,-4.724,-11.812,7.42,-7.4843
190,-3.4073,10.909,9.1376,15.788,10.408,8.4091,12.284,8.3628,1.0745,10.591,2.7599,4.0451,10.483,4.4344,8.0002,0.31883
191,-1.9097,7.4262,6.9974,5.1591,11.649,8.1977,16.011,14.148,-0.31751,-3.9555,22.941,-6.8712,27.881,22.722,15.625,19.627
192,8.8478,6.7519,0.76092,-2.4606,3.2275,4.2155,5.9309,5.8471,9.9363,12.211,7.8619,13.168,11.041,6.4599,21.012,1.8649
193,8.2484,27.651,23.442,25.006,23.527,27.455,24.632,20.283,6.2545,12.246,17.136,9.6424,16.301,14.393,15.261,3.5653
194,7.945,22.716,24.436,20.593,20.606,29.374,22.553,22.253,8.2473,8.8047,26.714,7.4511,23.325,28.469,17.672,18.35
195,8.7212,14.16,17.261,7.6197,6.2276,19.472,13.336,12.566,9.4372,4.8713,14.864,1.3996,5.9097,16.037,2.309,8.144
196,10.351,15.256,19.031,14.509,12.26,16.541,16.247,7.2606,6.972,11.636,7.477,9.5038,-6.6735,5.3471,-1.843,2.1792
197,7.2109,17.944,18.899,15.902,14.565,13.756,18.047,7.7545,-1.4788,-3.1417,15.608,-4.8469,3.5265,15.109,-9.6403,6.8045
198,3.5251,1.0881,5.5064,-1.32,-2.3001,-3.1079,4.3332,-7.4762,-1.3275,-2.6178,-1.6631,-1.5066,-6.6259,-0.72166,-9.6101,0.53281
199,0.96702,-19.276,-12.578,-18.288,-17.836,-17.889,-14.618,-22.258,-5.9721,-7.4157,-21.082,-5.785,-19.878,-18.646,-18.974,-9.0044
200,1.2336,-15.176,-13.95,-14.434,-14.842,-14.004,-16.555,-15.246,-7.9529,-7.7223,-21.281,-2.4401,-15.681,-17.478,-17.277,-8.6384
201,-3.4405,-12.732,-13.295,-11.482,-13.115,-14.425,-13.497,-9.1763,-8.3849,-11.626,-12.765,-7.1007,-5.7715,-8.2786,-12.722,-0.34714
202,-5.4973,-16.62,-19.792,-20.808,-20.191,-20.053,-19.264,-15.535,-5.7847,-5.5958,-21.055,0.27382,-12.852,-17.986,-2.6055,-9.7247
203,-8.6429,-2.6907,-8.6336,-5.1384,-1.9723,-2.7374,-5.4095,-0.97819,-5.8463,-7.1521,-9.622,-5.006,-3.4685,-9.8849,-3.1374,-5.9948
204,-3.6289,-16.169,-10.989,-13.175,-9.2084,-13.085,-9.9677,-0.36326,-1.9308,-10.942,3.8959,-8.2763,8.5993,3.7419,7.4281,10.665
205,-1.4618,-20.593,-16.158,-18.357,-17.953,-18.985,-16.013,-7.2939,3.3029,-2.2134,-9.465,1.736,-4.7345,-10.681,11.494,-7.1566
206,-5.8945,0.16336,-4.8585,-3.2808,-3.5391,-0.29655,-3.8941,3.3025,0.8136,2.6092,2.9775,2.9657,3.7082,-1.879,9.0112,-4.5109
207,-2.3923,-0.96316,-3.6393,-8.5444,-6.6556,0.38532,-4.0487,6.1982,-0.33944,0.96704,18.628,-0.12164,12.933,8.3031,8.1874,4.5721
208,7.0906,-21.551,-16.479,-18.208,-13.75,-13.288,-12.327,-2.3291,2.3323,6.8672,7.6896,5.3794,1.3779,-3.8615,3.308,-9.6587
209,6.2617,-0.91089,-5.6909,1.3033,3.0691,-0.46763,3.3524,4.9779,3.0672,15.288,4.1945,12.154,0.62475,0.95443,-4.6576,-10.368
210,0.42831,20.701,11.223,13.291,7.4181,14.33,14.064,9.4757,-0.63775,8.3439,6.0329,2.9969,3.4242,6.8887,-4.342,-3.0287
211,-0.31345,8.9952,10.275,9.9077,5.9096,10.914,9.3417,3.0365,0.17877,2.9126,3.219,-1.2865,2.9393,5.5884,-4.8144,-1.3462
212,-2.7817,13.297,13.21,13.147,13.499,12.677,10.598,6.5579,-1.4492,-8.4845,-0.73636,-10.673,4.3393,7.3668,-9.3759,3.6965
213,-0.3846,13.379,13.288,8.0159,4.263,12.393,6.6859,2.221,4.2742,-5.1304,-3.1303,-6.2928,1.8152,5.9199,-2.1989,7.9078
214,-2.7414,-1.9713,5.2975,2.4193,-1.457,4.3473,2.8501,-3.7794,1.4763,-9.7868,-5.4052,-11.457,-2.1536,1.3659,-2.7503,9.9044
215,-5.2947,-6.0764,-3.1128,2.7437,2.1661,-7.0349,-2.6309,-11.084,-0.97826,-4.5587,-17.987,-2.8199,-13.617,-9.6923,-3.5238,-2.3315
216,-7.5918,-8.0643,-5.94,-3.5348,-6.72,-9.7153,-8.4446,-10.893,-4.3899,-6.2403,-19.934,-5.4669,-16.098,-11.219,-8.7006,-9.2363
217,-0.71248,-4.7104,-1.5449,-2.1416,-4.1976,-1.2125,-6.4,-3.1151,-4.604,-2.1831,-10.002,1.3201,-8.4782,-7.5442,-3.2881,-4.7916
218,4.9311,-7.8529,-5.1361,-5.6704,-1.7771,-7.0554,-10.084,-3.8393,-6.6107,-5.1218,-0.84466,-3.3163,-2.0994,-3.8051,-2.7627,-0.12335
219,2.5618,0.3169,0.021548,1.8313,4.367,0.64207,-1.5212,4.3053,-5.5669,7.2844,2.0117,9.1917,-1.6042,-3.15,-0.3567,-2.9133
220,0.7597,7.3065,3.3512,5.5265,8.1599,7.7496,6.9681,15.749,-7.618,-1.7587,21.944,-0.33323,17.356,13.442,0.46393,11.047
221,5.7177,6.0825,3.8835,3.8078,6.904,6.5463,8.3092,19.571,2.3499,1.7276,28.389,7.3517,25.943,20.076,10.663,19.17
222,4.4985,5.154,4.3531,2.9917,5.8922,8.2218,10.201,16.11,9.2237,3.3902,19.512,8.2348,19.782,18.047,2.545,11.451
223,5.0303,2.8716,-1.389,-5.6796,-4.9365,1.2648,-0.029435,2.3354,11.762,10.066,15.119,13.998,14.675,18.907,3.8429,10.601
224,2.9962,5.2244,-1.4076,-2.4349,-0.64521,1.1284,0.79739,-3.1455,8.9504,11.317,1.9646,8.9331,0.30563,10.4,-3.1173,1.4364
225,5.6331,6.0059,3.9086,3.778,6.8481,6.5853,8.3295,19.567,2.3574,1.7236,28.32,7.3682,25.868,20.067,10.66,19.17
226,4.5735,5.1385,4.3496,3.0025,5.948,8.2338,10.209,16.127,9.1987,3.4412,19.494,8.286,19.745,18.007,2.6214,11.451
227,4.9747,2.8874,-1.3683,-5.7437,-4.9623,1.2362,-0.083061,2.3512,11.747,10.092,15.054,14.021,14.621,18.933,3.8612,10.601
228,3.0235,5.1706,-1.3287,-2.3966,-0.58921,1.1634,0.85764,-3.0811,8.8734,11.283,1.929,8.9432,0.27567,10.33,-3.1068,1.4364
229,-1.0903,10.899,5.6099,6.9418,12.156,9.5844,11.394,-0.71065,5.1656,9.5707,-5.8685,6.9127,-4.2805,8.535,-4.2828,3.5583
230,-5.6161,1.1314,1.5418,1.5728,8.7095,4.2917,8.0067,-5.0183,-0.048295,-4.3684,-5.2015,-7.0208,1.3946,16.135,-5.6136,12.001
231,-3.8994,-23.959,-15.967,-14.65,-9.1569,-18.281,-12.372,-24.636,-3.879,-0.42859,-31.048,-4.5637,-20.448,-5.2481,-5.8078,-0.78979
232,-6.1239,-11.652,-11.465,-6.7944,-5.6013,-14.044,-12.996,-25.581,-11.001,0.73078,-34.467,-7.0751,-28.671,-14.946,-14.848,-12.88
233,-9.6248,5.4642,1.245,4.5457,9.4879,-2.2189,1.9742,-11.477,-14.838,-10.985,-11.243,-18.97,-11.65,1.3649,-11.157,-3.5707
234,-7.9791,-8.5757,-5.7794,-2.3559,1.3549,-10.077,-1.8131,-15.672,-9.0281,-11.533,-14.952,-18.955,-14.548,-4.965,-1.1127,-1.4054
235,-7.5647,-27.143,-21.695,-22.407,-17.924,-24.673,-20.456,-27.279,-4.6899,-7.3599,-23.572,-13.305,-22.722,-21.104,3.584,-11.416
236,-9.0717,-15.915,-15.666,-16.008,-10.309,-14.66,-14.701,-16.105,-4.1084,-4.8246,-8.2524,-10.479,-10.002,-14.576,-0.78007,-11.8
237,-6.806,-6.2897,-4.9082,-2.7843,-0.96578,-4.8267,-1.9216,0.54638,-0.67635,-3.7131,3.4084,-9.5447,4.7827,-6.9271,1.0566,-0.7134
238,1.0622,-17.258,-14.096,-18.016,-15.191,-13.768,-8.8993,0.032792,7.5105,2.2043,6.5727,-0.041869,14.26,-1.9677,10.297,1.3792
239,3.5715,-8.1777,-9.3159,-12.818,-13.279,-2.5311,-8.3093,7.0911,6.9919,9.7319,0.52631,10.486,10.502,-8.7522,13.716,-19.014
240,3.4532,13.7,15.505,13.94,10.122,22.818,17.047,32.12,5.422,14.776,18.639,21.599,29.545,7.2947,16.675,-11.813
241,8.764,17.978,22.553,16.433,11.418,28.843,25.856,39.424,7.2004,8.069,37.86,18.674,49.98,29.783,20.968,13.037
242,11.302,27.989,27.16,25.787,21.471,33.411,26.302,35.026,13.638,17.596,28.771,30.464,34.231,20.568,27.077,5.3604
243,4.6504,26.079,26.426,27.434,24.201,26.742,23.793,25.634,9.9711,7.6462,23.233,16.949,19.539,16.258,19.966,7.4592
244,3.8984,27.629,24.507,24.677,18.478,23.909,18.009,12.635,8.8753,5.6496,12.332,13.183,1.3099,5.5824,10.053,8.0536
245,1.5875,23.229,18.981,19.113,17.487,15.609,12.739,5.8176,4.8413,-9.4585,15.711,-4.7396,-0.73709,8.1307,-3.946,9.8385
246,-3.3833,17.787,10.907,14.052,13.163,4.1218,4.126,-6.0071,5.8996,-9.236,5.9057,-3.4814,-14.254,1.7358,-0.15941,9.5054
247,-5.8471,-3.9098,-7.3057,-9.0644,-6.9236,-13.916,-14.73,-25.894,2.5043,-14.94,-9.8591,-13.692,-31.254,-13.997,-2.7877,3.2538
248,-5.0857,-11.978,-16.931,-17.653,-13.489,-20.197,-22.166,-30.505,-1.6113,-9.8856,-24.028,-10.376,-39.691,-28.827,-7.2983,-9.2977
249,-8.6333,-6.8566,-15.3,-10.688,-10.279,-15.848,-17.824,-20.681,-8.96,-17.555,-20.939,-21.585,-30.444,-23.648,-17.554,-6.4573
250,-2.4238,-35.365,-31.39,-31.287,-28.155,-36.969,-31.075,-29.662,-8.3576,-13.67,-16.899,-19.542,-19.499,-18.179,-12.131,0.52134
251,2.7925,-42.727,-38.853,-39.639,-35.292,-43.373,-38.125,-29.391,-8.5759,-3.0679,-33.068,-12.49,-26.688,-32.91,-19.346,-19.271
252,5.5548,-25.121,-25.22,-26.63,-24.145,-27.061,-23.343,-10.475,-8.4785,10.365,-28.155,2.3455,-13.095,-25.569,-21.025,-25.496
253,2.0793,-1.2981,-4.6825,-3.2292,-2.7276,-2.8719,1.1739,11.346,-9.1109,9.2424,-1.8309,2.0072,15.908,-1.4931,-14.921,-13.578
254,0.75489,10.62,9.2307,12.004,8.8953,13.075,11.246,24.452,-1.8205,11.323,10.409,9.5185,27.867,8.5464,4.3695,-2.9784
255,0.43445,14.338,20.231,21.327,18.546,23.451,24.879,34.991,-0.15711,5.1521,25.01,6.256,42.074,24.802,6.2778,7.2899
256,5.5574,7.098,14.774,12.587,8.7547,15.821,20.744,26.921,1.576,5.4531,27.452,12.016,38.7,24.19,12.059,11.514
257,6.8744,10.871,13.152,12.238,8.9184,16.469,13.992,16.986,6.3275,11.959,12.908,20.232,11.782,4.3607,5.3471,-1.7882
258,5.5986,24.088,25.063,26.541,24.679,28.277,24.203,20.07,4.8462,8.7446,15.919,14.292,4.2956,9.6377,-0.99072,1.1932
259,9.2712,14.434,17.836,19.325,13.756,16.692,14.9,6.9119,2.3126,2.4538,17.255,6.9728,-0.93633,14.918,3.0967,10.416
260,11.074,3.4094,1.24,4.0111,-0.067151,-0.22232,-3.157,-13.683,1.2231,1.861,-7.2872,7.5121,-28.915,-11.206,-3.5307,-4.0684
261,7.3826,4.3864,0.53426,4.0158,3.6535,-2.1567,-1.1453,-15.841,-0.16576,-1.9751,-4.2995,4.3275,-24.277,-6.335,-9.2947,0.77819
262,-5.744,5.1211,3.3704,6.194,5.1593,-2.9228,-0.11952,-15.523,-4.9207,-11.509,-1.24,-8.2163,-14.2,1.1868,-7.7863,9.5952
263,-11.467,-7.0731,-9.5961,-5.6077,-4.6509,-15.774,-13.429,-23.428,-1.9962,-8.9595,-18.976,-7.7917,-25.88,-15.521,-9.7908,0.2174
264,-8.4464,-34.067,-29.603,-26.906,-21.807,-34.701,-27.482,-27.504,-3.163,-16.765,-19.526,-15.921,-17.27,-13.615,-9.4608,0.55267
265,-10.24,-21.453,-22.789,-16.069,-9.6129,-19.397,-16.173,-14.341,-0.50626,-6.333,-21.117,-6.0687,-11.128,-16.165,-0.57237,-7.0077
266,-14.438,-8.3856,-10.719,-7.2677,2.2817,-6.0695,-4.2588,-0.13379,0.43411,-10.891,-9.0429,-13.879,4.9604,-5.2442,5.3628,1.5328
267,-10.486,-10.645,-7.8636,-7.2549,-3.6321,-6.7047,-4.3228,1.732,3.4377,-8.2241,-1.5372,-7.8603,14.97,2.9548,13.2,6.5663
268,-6.7508,-0.20089,-0.36282,1.6669,2.0218,3.0829,4.9896,11.819,3.4168,-4.6997,-3.7004,-2.4105,11.25,-0.28032,12.401,-2.1297
269,-0.64733,15.713,16.921,16.113,19.686,21.02,22.682,32.679,5.0704,-1.3601,21.538,2.8766,33.603,25.269,23.767,8.7564
270,5.8599,25.765,24.416,22.932,16.467,29.887,23.479,27.526,9.0759,9.7878,16.472,13.368,13.243,13.131,18.421,5.2529
271,8.1738,12.437,16.789,13.225,8.7358,18.481,17.379,14.402,4.5811,-1.7465,25.731,0.36994,13.361,18.727,1.3529,10.373
272,14.963,0.8272,1.2411,-2.9599,-7.9181,2.5349,-2.0728,-7.3876,4.4441,6.4027,4.2896,9.254,-12.09,-4.7928,-4.9155,-3.3632
273,7.6505,8.0224,3.2253,3.722,-2.0515,5.2138,1.4045,-10.584,-2.3346,7.1424,-12.192,6.3345,-29.772,-22.187,-20.43,-19.326
274,5.618,-2.6228,-0.52417,-4.5042,-10.244,-6.1747,-8.2905,-16.98,-3.9737,1.3678,-5.383,2.1747,-21.105,-14.497,-17.829,-10.281
275,3.81,-20.473,-19.456,-24.168,-24.333,-26.534,-29.151,-30.065,-5.0675,-2.9707,-20.515,-2.8585,-29.22,-23.714,-17.533,-14.539
276,-8.9304,-12.96,-15.849,-14.595,-12.059,-20.15,-22.815,-23.481,-7.8279,-2.31,-23.882,-4.3433,-27.386,-25.259,-19.853,-12.239
277,-11.951,-14.683,-13.732,-11.954,-11.667,-19.187,-21.144,-19.631,-6.9098,-10.228,-14.22,-15.448,-12.803,-15.831,-16.532,1.0912
278,-10.72,-20.32,-16.079,-17.247,-14.375,-21.116,-19.264,-14.288,-6.869,-9.9336,-11.393,-13.248,-3.6408,-9.3683,0.13063,4.4786
279,-12.414,-10.045,-8.6338,-10.945,-7.366,-9.2947,-8.3001,-2.2971,-8.4923,-8.6075,-9.3394,-11.013,2.9427,-4.5103,6.4185,-3.6727
280,-1.4855,-9.8484,-12.744,-17.225,-16.18,-10.694,-12.844,-2.9077,-4.2973,1.0912,-9.8795,-1.9122,2.9495,-7.9751,9.4463,-9.4655
281,1.5548,1.1556,-3.0466,-3.4625,-2.8377,3.3091,-2.8414,10.047,-4.1532,5.4745,7.3505,-1.9195,15.896,4.1353,1.7621,-3.1383
282,2.6703,3.6764,5.8933,6.3154,7.1833,12.837,4.5537,18.799,0.051576,2.452,20.197,-4.7826,25.557,14.001,1.3593,8.7655
283,11.096,5.535,7.5136,6.4889,7.9684,15.077,12.371,22.666,10.704,6.9126,27.205,4.8412,28.01,19.041,5.5436,11.071
284,13.7,13.164,12.688,12.044,12.63,18.65,19.081,25.755,12.686,12.002,26.199,12.813,23.311,17.527,9.8833,1.6257
285,13.728,13.154,12.663,12.086,12.639,18.718,19.043,25.71,12.664,12.06,26.27,12.76,23.324,17.535,9.8911,1.6257
286,9.9448,25.657,23.07,23.599,22.126,25.237,23.008,24.953,14.762,17.044,23.456,20.175,17.499,16.242,6.5989,-0.24124
287,7.5129,21.93,22.505,22.442,21.012,20.093,22.599,21.043,11.122,2.1109,26.237,6.0962,21.302,25.964,1.4077,14.82
288,13.35,5.9068,9.6288,9.9994,6.0965,3.8929,7.3939,4.4208,7.8419,2.4567,4.0616,6.8679,3.8976,12.997,8.3464,11.988
289,7.6508,2.8003,2.6233,3.3143,0.26249,-2.0805,-1.9207,-7.907,3.3477,3.4668,-15.369,4.7852,-13.007,-1.5305,8.6663,2.2155
290,13.708,13.08,12.727,12.077,12.623,18.676,19.036,25.773,12.664,12.062,26.296,12.839,23.355,17.529,9.8414,1.6257
291,9.8854,25.584,23.09,23.594,22.136,25.32,22.937,24.91,14.737,17.122,23.394,20.224,17.521,16.211,6.6151,-0.24124
292,7.5176,21.926,22.593,22.382,21.042,20.158,22.688,21.055,11.103,2.0562,26.276,6.0969,21.342,25.942,1.4645,14.82
293,13.395,5.836,9.6309,10.043,6.1174,3.8989,7.3786,4.3952,7.8256,2.4583,4.0383,6.8665,3.929,12.978,8.3898,11.988
294,7.6475,2.8749,2.6399,3.3117,0.24947,-2.1079,-1.9681,-7.9406,3.3942,3.5066,-15.357,4.7991,-13.053,-1.4802,8.6797,2.2155
295,13.63,13.09,12.703,12.082,12.65,18.685,19.03,25.756,12.685,12.036,26.269,12.827,23.3,17.478,9.8971,1.6257
296,9.919,25.659,23.095,23.577,22.117,25.248,22.924,24.905,14.82,17.09,23.427,20.193,17.518,16.245,6.585,-0.24124
297,7.4344,21.89,22.537,22.468,21.06,20.143,22.667,21.12,11.107,2.03,26.207,6.0227,21.34,25.892,1.4181,14.82
298,13.326,5.9022,9.6912,10.003,6.0838,3.9439,7.3673,4.4027,7.9012,2.4642,4.0958,6.9335,3.9456,13.071,8.3257,11.988
299,7.6517,2.8366,2.5612,3.3661,0.26284,-2.0715,-1.8854,-7.9093,3.3308,3.4793,-15.312,4.7382,-12.977,-1.4851,8.6993,2.2155
300,-3.5758,2.645,0.30401,1.9434,0.48798,-3.4986,-2.1031,-11.663,0.72868,5.0393,-19.35,4.1807,-15.672,-6.0952,6.3304,4.2241
301,-5.0048,-16.918,-14.017,-12.606,-11.623,-21.643,-16.885,-23.201,-5.3855,-3.3458,-29.857,-8.1389,-22.227,-15.196,0.54892,2.9399
302,-4.06,-14.239,-12.722,-9.0908,-4.3234,-19.854,-15.695,-22.829,-6.0317,-0.63738,-30.702,-2.2305,-21.716,-16.414,1.6395,-7.0907
303,-10.82,5.2805,0.081364,5.5084,7.7896,-0.80445,-0.012333,-7.8244,-3.9979,-4.5043,-22.083,-5.0459,-16.294,-12.995,-3.7006,-8.8481
304,-6.3122,-3.0006,-4.6487,-4.6489,-4.6803,-4.536,-1.6424,-6.5071,1.5512,-5.5589,-3.6757,-3.1899,-2.1619,-1.289,-0.00059865,4.6166
305,0.50879,-11.559,-10.573,-12.803,-10.292,-11.431,-4.2934,-8.3129,-1.713,-8.88,1.8708,-7.8529,-2.1065,-4.2296,-6.256,-2.332
306,3.8232,9.8887,3.2632,5.7942,5.7468,8.4641,7.127,4.7232,0.14295,10.056,0.35497,7.708,-10.264,-15.039,-4.5396,-14.197
307,1.1165,21.567,18.934,19.436,18.68,27.167,20.415,24.1,0.85735,-2.4822,42.541,-7.1409,26.848,20.894,-1.9013,15.073
308,5.1373,6.5948,14.435,10.035,13.596,18.603,14.032,22.663,7.35,0.034632,44.618,-1.1532,30.557,24.916,12.476,19.565
309,11.503,-6.1587,0.86562,-6.814,-6.7825,2.1986,-0.45526,8.5981,6.0874,4.7351,17.262,0.48455,9.0307,5.3285,6.3595,-1.9321
310,11.932,-3.1338,0.44066,-6.3216,-17.169,-2.7798,-3.4739,-1.5658,3.071,14.708,-4.6116,13.487,-5.7,-8.1842,-2.2243,-16.028
311,6.6008,-12.245,0.72877,-3.154,-9.9752,-5.7115,-2.885,-5.7853,-4.6043,12.294,-15.379,10.59,-9.7986,-9.7221,-9.9639,-12.302
312,2.1842,-20.5,-6.4946,-9.6512,-11.003,-12.656,-8.6445,-11.719,-11.901,9.2351,-20.96,5.7119,-9.9689,-8.182,-8.099,-6.0501
313,-6.3504,-2.7011,-2.2286,-0.75045,-2.6309,-4.002,-0.94648,-6.4846,-16.268,2.4828,-13.976,-2.4077,-4.555,-2.1237,-11.924,-4.6484
314,0.030458,-9.8143,-4.838,-3.7772,-6.3472,-9.2826,-3.9377,-8.9838,-11.579,-0.741,-14.701,-3.1756,-9.0579,-5.7758,-2.7085,-2.5445
315,-0.04325,-9.765,-4.8835,-3.7584,-6.4192,-9.2979,-3.9005,-8.962,-11.519,-0.73259,-14.743,-3.184,-8.9942,-5.8212,-2.7307,-2.5445
316,4.4892,-2.3558,-3.8999,-5.2997,-9.9369,-6.0713,-1.5937,-7.2398,-9.5126,-3.6457,-15.472,-2.7387,-10.61,-6.6769,-3.82,-3.5002
317,-0.89584,21.946,0.61905,3.6116,3.2353,5.7747,4.3146,-1.4348,-8.5474,-10.705,-1.9273,-5.3221,1.9317,7.5301,-6.3904,9.645
318,-2.4947,-0.19497,-8.7284,-4.7459,-6.8241,-6.5106,-7.9661,-12.203,-0.040462,-7.6401,-9.4297,-3.4087,-8.8111,-3.1118,3.0773,4.5056
319,-8.8479,-21.332,-11.193,-12.525,-12.847,-12.796,-7.6536,-11.67,-1.7733,-5.4692,-6.7691,-5.6275,-8.1048,-6.897,11.054,3.7653
320,-8.7825,-21.341,-11.211,-12.454,-12.801,-12.819,-7.6469,-11.638,-1.7747,-5.3958,-6.8205,-5.6559,-8.1131,-6.8303,11.04,3.7653
321,-10.579,-20.835,-11.703,-7.523,-5.9637,-13.298,-7.5696,-11.466,2.2277,0.91204,-2.0412,-2.2778,-5.7878,-5.2941,7.174,2.7317
322,-13.381,-12.214,-6.4022,-3.2252,-6.7016,-6.5997,-3.5915,-7.3984,1.8122,-4.5251,4.5566,-8.6317,-0.98857,-3.6992,1.3478,-0.60878
323,-14.276,11.51,6.3146,5.7603,7.7541,12.375,11.928,11.396,3.2404,-9.1508,24.489,-8.1121,18.659,11.857,7.26,7.9053
324,-2.5295,-11.748,-7.3128,-6.3324,-4.4279,-4.0771,-4.6986,4.3086,13.394,-5.4715,12.851,-1.4579,11.524,4.7019,9.06,0.83476
325,1.6507,-4.3663,1.0448,2.7907,1.8772,3.5849,0.9839,9.2957,15.573,11.45,2.6428,17.576,9.9647,2.6246,2.2107,-7.2592
326,1.5703,5.7985,8.3322,4.3052,7.9299,10.008,7.4943,17.579,9.7776,8.9048,11.324,15.033,24.138,16.641,0.77901,-0.032809
327,5.0162,-3.468,4.1397,-0.16572,-3.1447,2.3594,0.44968,9.9673,9.7207,15.754,-0.7997,24.291,13.539,8.3341,6.372,-3.7121
328,-0.97423,19.989,18.763,17.899,14.048,17.341,15.439,15.902,2.2461,6.9635,0.69377,11.68,9.5386,8.941,-2.9271,-1.9496
329,1.9894,21.17,18.36,19.491,20.158,14.999,14.726,8.5776,3.7488,2.7903,3.5132,5.2977,0.95861,7.424,-4.935,5.4852
330,-0.24841,13.724,11.822,12.065,12.085,6.6989,3.9549,-1.3929,1.9722,-1.2885,-7.8273,-4.0893,-17.991,-4.2958,-12.956,0.56844
331,-4.2121,9.0403,5.2214,2.8327,0.90097,-2.0801,-3.4515,-10.779,-0.029714,0.97277,-10.062,-3.3291,-25.872,-9.1118,-6.3554,0.15951
332,-6.6491,5.5306,-1.8861,-0.47097,-1.7719,-7.645,-4.7124,-16.194,-4.9735,-7.5684,-10.061,-12.939,-30.103,-15.671,-9.4343,1.8536
333,-2.5717,-4.2956,-9.3785,-11.445,-10.233,-14.551,-11.526,-19.822,-5.6075,-3.8173,-9.8882,-9.4036,-27.531,-17.942,-7.6033,-0.91017
334,0.32164,-17.831,-19.406,-20.167,-16.824,-21.933,-22.166,-23.647,-7.1652,-4.6503,-13.873,-13.317,-25.274,-20.127,-12.863,-6.497
335,-6.4662,2.2527,-6.5069,1.6453,9.5496,-0.98093,-6.4006,-5.6904,-8.3501,1.4404,-12.498,-3.2496,-13.816,-14.154,-12.657,-4.9852
336,-7.5485,3.4138,-1.3736,-0.9696,7.0057,4.8742,0.87083,8.3483,-10.988,-12.769,19.101,-16.643,25.571,20.057,-4.9113,18.019
337,2.5041,3.6301,0.088354,-5.0735,-3.4359,6.8549,-1.1444,13.483,-2.5347,-1.1746,15.635,-4.9264,26.402,15.018,17.685,9.3993
338,4.4868,14.022,4.6649,2.2218,5.0574,13.491,5.2945,16.461,-0.61294,7.3005,4.3389,0.5807,19.511,5.4634,25.091,-0.73186
339,4.7211,-2.1338,-1.1637,-1.8122,4.5627,5.3149,5.2053,15.747,-8.7866,-1.2234,20.024,-4.5877,36.507,23.625,23.195,14.296
340,1.0399,6.8784,4.8828,10.264,7.6758,15.903,13.174,23.805,-8.8487,-2.577,11.381,-1.6345,28.637,16.425,12.353,0.055688
341,0.07508,17.282,12.285,13.766,7.7385,19.112,15.546,22.146,-1.6413,-4.1132,4.8293,1.6166,20.956,10.531,8.5854,-0.26129
342,3.9081,5.2066,10.043,5.8043,2.906,8.7829,10.161,14.363,-1.0453,-11.994,15.152,-4.4528,23.614,19.998,-2.5064,7.3118
343,8.3204,-2.0269,-1.9649,-6.284,-11.751,-5.3335,-6.7798,-5.7265,-2.3568,-1.1681,-15.496,4.6471,-14.97,-12.878,-11.2,-19.445
344,3.9134,2.8523,1.9434,1.2726,-2.4397,0.89778,-2.6238,-6.2649,-6.7797,6.4409,-17.166,10.48,-25.726,-21.338,-21.06,-25.608
345,0.30108,2.4259,0.67277,4.5245,-1.0328,2.3887,-0.58046,-6.2677,-5.6417,-1.3552,-1.3264,2.4062,-16.537,-12.695,-25.419,-14.537
346,-5.6929,21.892,8.9272,16.385,8.4457,10.36,8.6048,-0.40224,2.0089,-0.49889,7.5696,1.7151,-11.822,-8.2199,-23.922,-5.5085
347,-13.185,11.884,11.228,11.237,12.314,8.9804,11.66,10.799,2.0633,-13.209,26.26,-14.835,8.4979,11.849,-17.433,14.311
348,-0.098835,-27.99,-19.729,-24.827,-15.115,-25.312,-22.226,-17.127,12.469,-5.593,4.4384,-8.5402,-7.3001,-4.2903,-2.77,7.843
349,5.5984,-29.75,-26.148,-25.666,-16.178,-31.075,-24.892,-25.623,10.245,0.77886,-16.146,-7.0599,-18.504,-16.904,-2.8997,-5.3413
350,5.7254,-20.268,-19.959,-18.328,-9.0479,-22.836,-14.953,-17.905,6.1769,8.2759,-18.279,1.6602,-11.786,-13.006,5.2155,-0.66767
351,5.4755,-19.416,-22.671,-22.348,-14.912,-25.18,-17.852,-20.094,2.6052,6.8538,-19.922,0.95741,-12.987,-14.184,9.991,2.9959
352,3.027,-7.6737,-11.359,-7.109,-7.2424,-12.67,-5.4872,-11.237,-1.156,12.231,-18.01,10.604,-12.412,-13.138,6.0758,-4.4977
353,3.1429,-3.8811,-4.1304,-0.41861,-2.3613,-5.19,-1.1538,-3.7316,-6.7763,6.7209,-10.714,6.0503,-5.9852,-6.2819,2.2352,-1.0139
354,1.9246,9.7756,8.9789,11.142,3.4932,7.6552,8.6125,4.1719,-3.7388,11.668,-5.1715,10.995,-3.7228,-1.2621,12.228,-0.077547
355,-1.8794,3.9049,10.163,7.6066,4.4657,7.2366,9.9353,5.7295,-5.3582,-1.3438,4.5357,-1.9714,2.334,6.8079,7.6789,6.4852
356,4.1569,-2.1934,5.3718,3.6203,4.945,4.4762,3.6442,-1.3199,-2.5103,4.0988,-5.4045,10.445,-10.312,-4.6807,7.0397,-2.5807
357,7.5286,11.748,11.601,9.6586,4.8241,12.485,10.707,3.1923,0.88147,5.9049,-4.4799,9.0509,-11.843,-4.3578,-1.6874,-13.028
358,10.612,10.691,13.104,10.681,9.7093,11.704,14.058,9.043,2.649,7.5341,12.637,7.8518,3.2988,11.39,-0.60727,0.28899
359,4.6358,15.692,14.531,20.178,21.976,17.525,17.532,13.47,1.8231,0.80121,15.382,-0.85475,6.5196,15.786,-5.6986,4.6075
360,10.636,10.664,13.053,10.695,9.7425,11.731,14.101,8.9901,2.6161,7.533,12.588,7.8594,3.2883,11.427,-0.56769,0.28899
361,4.7182,15.686,14.534,20.185,21.964,17.52,17.55,13.441,1.8244,0.86217,15.419,-0.82057,6.4893,15.778,-5.6753,4.6075
362,-2.6756,16.095,13.089,14.815,15.33,15.734,13.217,11.576,7.6897,-1.2476,16.338,-4.03,13.816,24.475,-0.25364,10.12
363,-7.1871,12.621,12.452,9.9948,17.034,17.339,13.324,13.447,7.5833,-9.7269,20.503,-13.431,25.602,33.253,2.7504,15.391
364,-1.6485,1.685,2.7525,-1.3282,10.032,9.4793,6.1322,10.093,11.474,-9.1912,13.358,-7.632,28.687,31.501,11.139,19.449
365,10.663,10.687,13.03,10.678,9.7199,11.748,14.104,9.0151,2.6419,7.5395,12.655,7.8355,3.2954,11.387,-0.63342,0.28899
366,4.6483,15.73,14.475,20.223,21.967,17.451,17.559,13.5,1.8598,0.77317,15.465,-0.82274,6.4876,15.711,-5.6726,4.6075
367,-2.6935,16.051,13.146,14.82,15.353,15.672,13.237,11.628,7.7625,-1.2637,16.282,-4.0292,13.731,24.43,-0.25906,10.12
368,-7.2331,12.575,12.511,10.039,17.041,17.343,13.333,13.442,7.5273,-9.7577,20.514,-13.386,25.592,33.288,2.7847,15.391
369,-1.5905,1.6821,2.801,-1.3227,10.08,9.4895,6.0955,10.136,11.472,-9.2685,13.409,-7.6598,28.653,31.481,11.12,19.449
370,6.02,-25.079,-19.558,-26.027,-11.612,-18.181,-16.134,-8.7834,14.743,-5.2732,-5.2629,-4.2821,19.004,20.088,11.183,11.004
371,4.6607,-21.489,-19.694,-22.112,-6.8503,-17.29,-17.205,-14.328,7.4368,5.2361,-24.758,8.0116,-1.1072,-2.7055,10.943,-6.3409
372,-6.7405,3.5684,4.0781,4.5459,11.698,8.7869,7.0586,5.3774,-3.692,-3.9538,-2.2739,2.7981,14.353,15.277,7.0344,10.8
373,-8.2786,4.5597,7.7279,6.6029,8.7558,9.4211,7.8645,4.9462,-4.1735,-11.745,6.5159,-5.4334,16.121,20.509,17.074,22.671
374,1.6362,-4.8823,-4.8854,-9.7278,-9.068,-4.5735,-8.0641,-11.732,-5.3522,-8.83,-3.2273,-6.6419,-3.6863,3.1681,16.303,11.064
375,3.4422,-2.8482,-7.0125,-11.361,-14.666,-7.5892,-11,-13.797,-9.6948,-6.096,-8.7233,-8.6632,-18.09,-10.612,-1.3956,-6.1755
376,-1.2884,10.904,1.6614,5.6932,0.21827,6.0823,0.8414,-1.7912,-5.1336,1.223,-5.0532,-3.1009,-22.026,-17.874,-8.8912,-17.473
377,-4.7358,1.8708,-1.9477,1.4909,-3.3307,2.8663,-1.2063,-1.2336,-5.5874,-8.0987,5.208,-8.7836,-11.563,-10.487,-6.2903,-11.026
378,-4.6354,-6.9012,-6.0034,-3.6821,-9.0058,-6.7551,-2.6502,-10.219,-2.4989,-3.7346,-4.8237,-5.3332,-13.984,-12.779,-1.5185,-14.446
379,-4.6148,-11.58,-6.1745,-6.3472,-13.121,-10.368,-3.1175,-13.076,-2.7639,-3.807,-9.7592,-8.3081,-11.012,-10.582,-2.054,-15.298
380,-4.837,7.0348,6.7238,7.6895,-1.1117,5.0866,5.8978,-0.71664,0.8435,3.4033,-8.6033,4.5479,-3.9166,-5.9413,-2.877,-11.865
381,-1.2658,7.7282,9.5819,9.7841,4.1974,4.948,10.202,6.4217,3.2553,0.08194,5.7124,0.8681,14.248,8.8097,-3.747,3.1218
382,5.8139,-12.936,-5.1318,-7.2576,-11.704,-11.002,-7.7618,-1.9266,3.4275,10.428,-2.065,14.232,11.304,0.2431,-0.78801,-6.3959
383,5.0295,-9.936,-8.1313,-8.9489,-12.418,-8.1169,-10.333,0.64753,-1.411,12.286,-12.154,18.39,4.3203,-12.625,-3.2768,-15.516
384,3.1606,7.2531,5.8521,5.7286,2.5436,7.3849,5.9094,13.461,1.2101,14.168,6.196,23.297,21.379,3.5824,8.9433,-0.7588
385,-0.95572,11.828,12.475,12.594,9.6927,13.827,12.615,20.166,2.8947,3.5452,21.749,10.074,30.858,16.849,14.284,11.21
386,3.0535,5.766,4.8001,6.8565,10.297,6.4173,7.921,10.007,8.2247,8.1127,12.96,13.528,15.443,6.9933,17.579,9.149
387,-0.082642,10.226,5.1659,8.9947,11.227,7.6363,7.5152,6.9561,3.8288,2.1807,5.551,6.5614,0.88234,0.68067,-1.3737,-0.8943
388,-1.8327,10.355,6.7648,3.9314,1.3615,8.3092,1.2751,4.3476,1.1967,0.81644,6.7562,7.7473,-8.1829,-1.4741,-9.3142,0.44764
389,-2.5959,-3.4156,-4.3118,-13.904,-9.2678,-6.2713,-12.884,-13.292,-1.9947,-7.2104,1.7355,-5.6154,-20.794,-9.0392,-14.498,-1.7887
390,-4.905,-12.568,-13.637,-17.25,-10.551,-17.993,-15.029,-23.561,-3.2726,-3.8983,-14.226,-4.1117,-35.002,-20.937,-11.192,-15.779
391,-10.504,-6.1475,-7.9708,-4.888,-2.4544,-9.5624,-0.44009,-11.632,-6.9163,-8.4929,-16.535,-11.456,-28.281,-15.008,-14.148,-10.405
392,-9.7934,1.3625,0.52956,4.1862,7.9711,-1.2241,5.6878,-3.5056,-4.387,-11.52,-4.4197,-13.714,-8.4731,0.19667,-7.7841,6.7413
393,-4.7628,-4.3555,-4.8841,2.1505,4.4348,-6.571,-1.5628,-6.6246,0.84958,-13.002,-5.6404,-18.3,-5.5708,0.62241,-7.1435,2.7522
394,-0.88369,-10.941,-9.3798,-5.2384,-7.1572,-9.8172,-7.7149,-7.5642,2.9851,-5.3763,-12.743,-12.509,-7.7375,-6.0428,-9.5863,-2.2677
395,1.3353,8.9967,7.4694,8.213,6.5899,9.1768,11.184,15.54,2.9936,-0.92212,18.506,-3.9194,24.923,9.7615,10.535,9.4781
396,1.7832,-2.8241,-1.388,-3.2585,-5.0945,-2.7986,-1.8526,6.4737,4.3489,2.1869,3.4086,3.6859,8.3411,-7.4206,8.046,1.0882
397,-2.5987,7.5516,9.3256,10.919,8.0609,10.227,11.676,18.022,0.46962,1.8384,10.764,3.708,12.97,0.94428,2.545,-0.16809
398,5.393,2.8257,5.204,7.8662,0.34761,3.6055,6.9315,10.18,2.4188,-0.53179,16.442,2.3729,7.6318,0.2666,5.2685,5.4699
399,10.322,2.8109,-0.2739,2.2399,-5.8586,1.1319,0.51566,0.010456,7.4943,12.098,3.976,14.116,-14.392,-15.185,3.6267,-3.2707
400,4.4131,12.691,14.136,19.361,23.909,12.76,15.791,11.758,-1.8342,4.1244,16.032,3.3767,5.0731,10.012,2.3497,13.477
401,3.9354,1.8398,0.2212,1.7315,9.5008,-3.9523,1.0732,0.50754,0.3255,-3.6667,5.7323,-2.1865,2.2487,8.2508,12.001,20.367
402,7.104,-26.231,-24.777,-29.464,-23.382,-33.141,-29.667,-27.669,2.2299,5.7813,-22.936,11.834,-20.144,-13.396,9.4054,-2.4499
403,-2.6268,-16.069,-16.587,-18.52,-12.06,-15.95,-23.259,-19.552,-9.7007,2.6488,-29.314,7.6932,-22.995,-19.201,-14.635,-19.548
404,-2.6965,-9.1115,-13.435,-17.681,-17.771,-10.959,-21.558,-16.478,-9.2877,3.3265,-18.994,11.28,-11.095,-12.809,-13.196,-15.787
405,-4.4263,11.466,8.7131,12.773,12.385,4.5463,3.9543,3.8006,-6.4005,-1.5059,1.502,1.1829,11.004,6.9129,-2.729,8.4119
406,3.164,-12.291,-3.6496,-5.7985,-2.3147,-10.797,-4.5695,-5.2132,-3.0601,-2.7797,-1.8434,-2.8216,7.9906,4.919,4.0696,10.161
407,-2.3937,-0.28222,4.752,10.537,10.634,2.4603,6.1706,2.196,-4.1539,7.3524,-8.2443,9.1451,-2.6205,-4.1562,4.3821,2.3916
408,-3.5966,0.49224,6.5501,7.3107,5.6096,3.9503,5.5357,5.0149,-2.6762,0.17794,7.3504,-4.406,7.6808,6.8568,4.3939,12.521
409,-0.96495,3.4771,9.8872,10.646,9.5627,8.8431,12.234,9.0476,5.64,9.6131,12.715,2.234,5.1542,6.1975,6.7986,2.6018
410,-3.1265,19.656,20.141,22.303,16.66,24.329,22.841,20.662,5.9464,5.2825,20.467,-1.4949,5.6156,9.4434,-0.79684,0.75961
411,-0.034131,1.4577,6.1303,0.96127,-1.1349,7.2077,3.4778,9.5757,10.838,5.2152,21.44,0.45729,7.9517,7.9225,3.6589,6.2528
412,-1.608,-15.163,-13.663,-11.477,-9.9026,-11.281,-11.292,-6.8597,9.3027,9.0465,-0.079281,-1.2142,-8.156,-6.0175,-4.6764,-6.5641
413,-3.0909,-7.3966,-12.08,-7.0793,-9.6975,-7.7967,-8.7335,-6.9815,3.8322,14.558,-18.385,5.7764,-20.836,-16.706,-8.7228,-14.304
414,-1.851,-2.023,-5.7094,-7.2164,-8.7763,-3.6607,-5.6715,-1.3038,-2.6312,2.3746,-4.6332,-1.995,-4.6399,-4.46,-16.677,-6.21
415,0.27809,3.6547,-2.0925,-7.435,-8.6403,-0.37516,-2.1742,-1.2273,-5.4269,-3.2604,-2.2442,-5.7966,1.6948,-1.3341,-12.755,-5.1925
416,-3.4033,15.834,7.3259,5.8827,4.5817,10.828,7.9758,7.3324,-9.2606,-6.1763,-1.7017,-9.4855,6.7289,1.4333,-5.1211,-3.1582
417,-0.80492,4.2766,-0.56882,-4.1713,-0.42721,0.80101,-4.2867,1.5715,-6.7832,-11.45,7.1442,-14.319,16.251,9.3468,4.9908,6.6468
418,3.7599,-1.394,-7.9597,-8.5519,-4.9953,-6.6949,-11.925,-8.2266,3.4848,-6.4539,-3.049,-6.6817,1.3813,-4.2804,6.5364,-2.9708
419,4.0659,-6.4701,-8.7441,-7.5089,-5.9238,-11.265,-11.309,-10.793,2.3895,-7.4097,-10.524,-5.398,-9.1771,-12.097,2.4462,-7.4351
420,-2.3382,9.2845,8.8501,11.185,13.945,9.0952,10.687,6.097,-0.27427,-8.8921,5.3436,-8.3102,5.9638,4.935,1.7785,1.3097
421,-4.7552,20.665,22.181,24.085,30.252,23.263,26.722,23.565,2.2345,-18.856,26.397,-19.346,25.091,26.393,10.435,19.953
422,11.531,-8.9682,-1.3544,-8.4312,-8.2997,-4.9724,-3.6472,-0.21262,9.9238,-11.082,12.787,-9.1986,6.6768,10.241,17.795,13.498
423,16.791,-18.85,-12.996,-16.564,-21.265,-13.798,-17.097,-15.959,8.2028,3.2982,-14.1,3.389,-24.017,-22.301,7.6734,-15.102
424,11.958,4.2221,5.2945,9.2224,8.3823,5.4398,4.1065,-0.020454,5.5042,12.321,-8.9323,13.387,-15.142,-14.692,-3.151,-14.891
425,-4.8095,20.608,22.174,24.111,30.219,23.292,26.736,23.514,2.1546,-18.859,26.409,-19.272,25.108,26.459,10.441,19.953
426,11.527,-9.0163,-1.371,-8.4293,-8.3132,-4.9982,-3.6225,-0.18473,9.9482,-11.136,12.803,-9.2253,6.7446,10.265,17.81,13.498
427,16.823,-18.799,-12.96,-16.594,-21.258,-13.781,-17.017,-15.925,8.2229,3.2313,-14.092,3.3668,-24.054,-22.235,7.6601,-15.102
428,11.979,4.2534,5.2733,9.2791,8.3781,5.4174,4.052,0.030538,5.5158,12.305,-8.9011,13.36,-15.159,-14.624,-3.2298,-14.891
429,9.0653,2.2568,6.1511,6.3396,2.6401,4.5429,5.7018,7.734,0.20358,1.8853,6.3409,2.563,6.7661,7.8747,-7.1819,3.7881
430,6.1012,9.5116,9.2544,9.2604,4.4691,9.7394,7.0607,12.75,-1.4258,9.5011,-0.74538,12.229,0.74788,1.043,-1.1832,-2.0528
431,2.9815,15.954,11.83,9.3695,9.4194,12.338,8.7389,13.919,-5.4201,2.9085,1.6531,8.7608,2.0819,0.28227,-4.5586,-3.9315
432,4.5693,-1.03,-1.0588,-5.8458,-3.6247,-2.1113,-2.4708,3.2001,-2.915,2.2711,11.634,10.562,11.059,8.357,-2.4246,5.4738
433,1.425,-21.032,-19.002,-23.67,-17.11,-20.947,-19.073,-14.402,-1.6035,4.7852,-5.7535,5.8651,-3.7776,-8.3124,-10.178,-3.9118
434,-7.2094,-12.513,-19.106,-15.348,-13.594,-16.616,-21.163,-19.652,-0.7078,17.726,-27.668,17.616,-23.372,-28.228,-11.777,-21.129
435,-17.097,13.432,2.2216,9.751,7.2302,8.5005,2.9007,0.79695,-9.7338,-1.4859,-1.7026,-2.5194,-1.7854,-3.4362,-9.9001,-2.9846
436,-11.626,9.0974,6.8706,3.9416,6.266,8.3902,9.8605,5.0634,-4.4276,-8.5924,15.627,-6.4681,15.549,14.053,16.928,21.8
437,-6.8061,-13.418,-8.3153,-14.326,-12.179,-11.066,-8.5402,-8.6644,4.0318,-5.676,0.65244,-3.7301,2.5286,-0.65072,19.333,8.2399
438,-5.455,-15.649,-14.24,-16.318,-16.686,-16.456,-17.458,-16.435,4.8964,4.5361,-13.032,6.9442,-15.792,-16.981,3.5899,-13.685
439,-7.3864,-1.5368,-4.935,-1.8615,-4.2434,-3.2007,-5.0894,-9.2373,1.7393,2.9309,-12.059,-0.40257,-18.205,-14.691,-9.7057,-11.028
440,-7.4192,7.8652,8.9461,10.958,8.9026,9.3639,10.008,5.4222,1.7897,0.098193,5.1281,-5.3619,1.6176,4.3852,-3.8276,4.7417
441,-9.6854,18.118,20.02,20.284,20.772,18.786,20.86,18.784,2.1304,-7.8753,17.05,-11.653,16.984,19.781,-0.2828,13.217
442,-7.764,13.166,16.109,15.738,9.3508,12.537,14.995,12.887,4.8235,-5.3002,6.9087,-4.591,9.9878,13.23,7.7293,11.335
443,-3.948,5.5037,10.99,8.8012,1.6675,5.1512,9.7821,8.5585,3.4739,-4.2737,5.0237,-4.5129,9.6385,10.505,6.0338,6.862
444,1.0907,3.6731,8.0152,7.9033,10.773,4.444,9.7014,11.248,2.4444,0.0014183,-0.045258,-0.26084,10.267,9.2232,10.411,4.7441
445,3.2942,-11.572,-5.941,-3.9387,0.059178,-6.6,0.23252,0.98784,-0.92174,0.99091,-3.876,0.29579,10.789,11.267,11.914,6.1288
446,2.3067,-12.885,-12.082,-8.475,-7.811,-13.006,-4.5551,-6.8336,-8.1277,-2.2217,-6.5198,-2.4033,2.3082,3.4888,2.7971,-0.60312
447,1.8384,1.1371,-5.7955,-1.5781,-2.2761,-5.8229,0.37566,-3.0128,-6.871,-2.5745,-4.4907,0.26517,-4.1133,-3.984,-7.7058,-9.7971
448,0.19471,-2.0858,-4.7809,-2.42,-3.1203,-4.6297,-1.594,-0.054255,-0.46504,-5.9058,2.0643,-3.5089,2.0893,2.4427,-4.7572,-2.9893
449,-1.4038,5.7869,4.7891,7.8421,8.6514,9.7107,4.8432,7.9989,4.4648,-2.2774,10.566,-2.5431,7.6087,8.7698,-0.22887,4.5155
450,-1.1388,-5.3307,-4.2403,-6.6546,-2.538,0.5421,-8.154,-2.505,4.2271,-4.96,4.9808,-7.0569,-3.2096,-1.3247,-1.4835,3.8214
451,-1.3347,-3.4296,-5.9542,-6.9324,-3.5375,-2.7747,-10.311,-8.5944,6.7665,3.9415,-3.5748,3.4733,-14.308,-10.928,-3.0267,-6.8215
452,2.6106,0.83388,-2.0872,-4.3858,-5.1228,0.34543,-7.7113,-6.7516,7.4264,2.3075,3.9702,-0.27579,-8.1344,-5.9271,0.53086,-4.6287
453,7.0093,-3.0793,-4.1561,-5.3162,-6.8218,-3.202,-6.1171,-8.0355,10.023,9.5008,-3.6087,10.262,-12.332,-10.554,12.707,-5.7587
454,0.14897,-3.8606,-1.8322,0.64107,1.7056,0.16577,3.9774,-2.7337,0.16231,2.4979,-1.4809,3.9933,-5.2992,-2.7322,7.4887,-5.3763
455,6.548,-12.622,-7.4666,-8.4858,-9.801,-7.938,-8.7307,-13.767,-1.8294,8.9859,-10.333,10.253,-9.9472,-9.046,4.8168,-6.4261
456,7.9508,2.0401,-0.29639,-1.3303,-4.0234,-0.57326,-4.5728,-9.4788,-4.7278,6.1208,-13.533,5.0805,-9.5161,-9.319,-5.8126,-4.7991
457,4.6958,10.291,5.3837,4.2075,3.445,7.0002,2.311,1.7048,-6.117,3.7411,3.3617,3.8185,7.1257,6.4446,-5.3218,6.8593
458,0.73424,3.1269,0.4528,-1.0735,-1.4651,1.731,-2.8156,1.5157,-5.1002,-1.8256,-2.3081,-2.2681,0.57305,-2.061,-10.995,0.26236
459,0.80847,13.979,9.3893,11.587,12.102,10.606,9.5438,9.1124,-0.61733,-0.19183,-0.55541,0.98556,5.2455,2.9314,-8.0884,1.71
460,2.3631,-12.965,-8.8854,-8.9045,-10.933,-15,-10.478,-13.965,-4.2961,0.46757,-20.024,2.6038,-19.357,-17.562,-14.638,-17.701
461,-2.4132,-1.4538,-0.18002,0.17558,1.5496,-2.82,0.74119,-1.1626,-7.6381,0.0035628,-8.8235,-1.8029,-5.65,-3.7293,-9.3222,-5.0617
462,-3.3088,-0.91454,2.0476,1.21,-0.62051,0.60593,5.266,4.7308,-7.2067,-3.2413,1.2885,-6.1605,4.4791,2.8034,-0.38777,-0.072394
463,-3.0537,-8.5435,0.8843,0.9736,-1.4967,-2.0566,2.411,1.2987,-7.3481,-0.035213,-4.02,-3.0479,3.0535,-1.0369,7.6122,1.1763
464,-4.3085,-9.1536,0.76657,3.2904,0.69559,-1.0452,3.9191,2.2889,-8.2931,0.61583,-5.2911,-2.1926,3.387,3.5208,8.0093,3.3186
465,-0.23051,-4.4988,3.0721,5.373,4.4297,3.1536,8.3756,5.991,-8.3578,0.050784,-3.2133,-3.9591,2.1593,5.0507,10.129,4.999
466,-3.5177,12.313,16.365,21.459,25.16,20.241,25.18,20.804,-5.0389,-1.9947,20.024,-6.256,21.877,24.148,12.132,19.097
467,0.0054799,3.9967,6.898,7.7738,10.271,8.221,10.814,8.656,4.1003,-10.344,11.439,-12.93,11.571,13.519,15.373,11.383
468,3.5755,7.8201,10.196,10.865,11.669,13.505,9.3329,8.0753,5.6665,-7.0764,8.4514,-6.199,6.6044,8.0477,17.991,4.4001
469,0.79754,9.07,13.733,13.239,11.96,16.601,12.798,13.751,2.0059,-14.146,25.352,-13.744,20.379,19.359,16.876,13.803
470,3.8138,7.3441,4.9021,5.4925,4.5718,8.5507,2.7288,4.2772,12.071,-2.3658,10.933,-1.8354,2.9374,0.51996,20.063,0.99957
471,2.4044,4.7426,0.76651,2.3909,4.3394,4.6867,-0.011907,2.4027,9.66,-2.8605,13.277,-1.5215,4.7043,2.7671,20.258,4.3889
472,5.1042,-11.674,-11.167,-13.174,-15.613,-12.528,-11.903,-11.785,10.416,4.3571,0.328,8.7991,-5.4359,-8.7464,13.711,-3.4151
473,3.2657,-3.0473,-8.0075,-6.8451,-8.0128,-7.4678,-8.6527,-10.62,10.818,8.2748,-17.041,10.724,-20.282,-23.317,-8.0473,-21.016
474,3.6865,2.0558,-3.448,-3.9707,-5.548,-4.1709,-8.4685,-5.4248,11.066,12.243,-4.4565,15.173,-9.0459,-11.47,-9.6141,-9.8609
475,3.0057,-20.604,-17.347,-22.264,-24.596,-25.229,-24.106,-15.756,7.105,5.3168,-10.608,4.1792,-11.319,-14.626,-16.701,-6.7912
476,0.76472,-11.866,-14.261,-13.654,-14.409,-20.531,-20.388,-16.498,1.6476,16.073,-33.101,15.777,-25.098,-26.7,-21.304,-21.302
477,-1.0366,2.947,-0.63837,-3.8602,-6.1851,-3.2383,-5.7787,-5.033,-12.398,6.6543,-18.152,6.6769,-8.883,-7.7049,-21.601,-4.0039
478,-4.4365,4.4469,3.8718,-1.8203,-0.34058,3.0309,2.5901,2.4398,-13.505,6.7833,-11.172,9.4087,-3.1441,-2.3225,-9.7853,1.313
479,-13.291,7.029,4.954,6.8401,11.484,6.841,9.4556,4.7524,-14.196,-5.4794,-3.628,-6.8319,2.609,3.1543,-11.252,1.2102
480,-13.347,7.0017,4.95,6.8808,11.446,6.7715,9.4621,4.7818,-14.12,-5.4898,-3.5621,-6.8368,2.6367,3.2096,-11.254,1.2102
481,-10.337,-7.0641,-3.2191,-3.1946,-1.0421,-4.1506,1.6315,-2.7827,-9.3872,-9.3468,8.0497,-12.673,10.619,12.045,7.8305,15.326
482,-4.4055,-15.478,-16.125,-15.374,-12.274,-16.699,-12.884,-13.713,-1.3558,-2.4625,-7.7806,-6.6388,-8.0822,-8.5056,9.8556,-7.9381
483,-6.737,3.3289,-3.2784,4.3149,5.8779,1.4577,1.4634,1.7003,-1.0887,-1.3567,2.0538,-3.8341,1.9577,-3.187,1.6154,-3.0062
484,-2.6262,-8.774,-6.408,-3.6423,-5.2435,-1.3967,-2.7469,6.0877,-0.56832,-9.3221,18.618,-12.091,18.79,11.485,6.5871,14.375
485,-13.306,7.0105,4.9574,6.8748,11.422,6.7933,9.4619,4.7682,-14.202,-5.4921,-3.5427,-6.8781,2.5712,3.1573,-11.232,1.2102
486,-10.27,-7.0926,-3.1954,-3.2272,-1.0275,-4.1725,1.5755,-2.8228,-9.38,-9.3452,8.0831,-12.647,10.604,12.111,7.7504,15.326
487,-4.4642,-15.5,-16.1,-15.328,-12.301,-16.622,-12.92,-13.691,-1.3948,-2.429,-7.8207,-6.6409,-8.0328,-8.4651,9.9043,-7.9381
488,-6.7605,3.3653,-3.3505,4.2972,5.8839,1.418,1.4566,1.6942,-1.1038,-1.4252,2.0407,-3.8627,1.9645,-3.1268,1.5812,-3.0062
489,-2.6393,-8.7199,-6.438,-3.6262,-5.2725,-1.3952,-2.6956,6.089,-0.56585,-9.3693,18.657,-12.049,18.773,11.474,6.5884,14.375
490,6.1308,-30.821,-24.15,-27.447,-26.115,-20.741,-23.271,-9.8067,4.194,6.0216,-0.36441,6.1783,-1.2768,-12.454,13.965,-8.8875
491,-1.6801,2.8719,0.84579,3.1479,4.2985,9.1984,5.1052,12.582,-0.98775,10.441,9.2765,9.0586,5.5712,-6.6484,3.3201,-11.201
492,-0.55533,11.386,11.6,10.486,11.35,18.271,14.584,19.919,-1.8229,1.0661,26.83,-1.2517,19.953,14.867,8.7036,8.1605
493,1.4364,-1.8806,2.4811,-4.2916,2.7177,4.943,3.6605,6.5049,-1.4344,-0.91944,22.477,-2.1555,12.345,17.864,7.6247,9.4008
494,-3.8143,2.932,2.5418,-0.95526,5.533,4.3169,2.4605,2.8967,-1.5002,-0.4885,0.63381,-0.7218,-6.5284,5.6074,-1.0509,-2.6552
495,-1.607,3.4234,2.677,-1.1568,5.1645,6.1938,3.1884,0.7625,-0.45229,-4.3178,-5.4703,-3.1109,-5.1104,12.766,-6.9927,4.2908
496,-0.68973,-5.1843,-2.1883,-8.2499,0.74176,3.5952,3.4264,-5.7775,-3.1694,-7.531,-9.2283,-6.2321,-1.9579,20.379,-8.5511,11.081
497,-6.2449,0.69403,1.3125,1.4702,7.6242,8.9151,11.478,-5.2845,-2.5603,-3.7644,-18.332,-3.8976,-8.4473,16.135,-8.0231,3.2496
498,-10.063,-9.9227,-7.6707,-10.386,-1.3863,-4.0678,0.81009,-13.819,-5.804,-11.473,-18.993,-10.522,-6.5541,17.302,-8.2704,5.5557
499,-8.6315,-16.945,-19.384,-20.567,-13.781,-16.611,-15.161,-29.585,-3.8323,1.4388,-39.405,5.7196,-27.772,-7.4983,-6.1279,-14.304
