,0,1,2,3,4,5,6,7,8,9,10,11,12,13,14,15
0,-18.109107971191406,-17.197351455688477,-13.70805549621582,-12.641796112060547,-12.060914993286133,-15.724308013916016,-8.350486755371094,-9.549969673156738,-17.369062423706055,-15.998068809509277,-17.48300552368164,-14.551334381103516,-12.842046737670898,-7.54940128326416,-14.905778884887695,-11.92998218536377
1,-9.050729751586914,-11.187171936035156,-9.524855613708496,-12.144437789916992,-10.695449829101562,-6.894712448120117,-2.4481048583984375,-8.533733367919922,-21.634614944458008,-15.780384063720703,-19.38754653930664,-12.528790473937988,-11.989717483520508,-9.075983047485352,-15.318363189697266,-12.895023345947266
2,-6.347446441650391,-8.210833549499512,-10.694435119628906,-14.826136589050293,-10.37773323059082,-6.569151878356934,-9.95236873626709,-9.525620460510254,-10.977476119995117,-6.277469158172607,-7.106083393096924,-3.774721384048462,-5.698774337768555,-3.1979763507843018,-8.381001472473145,-10.586670875549316
3,-16.737577438354492,-18.727846145629883,-21.446081161499023,-23.975893020629883,-22.322742462158203,-21.525875091552734,-23.426544189453125,-21.98369598388672,-12.168395042419434,-8.222769737243652,-11.661711692810059,-10.109143257141113,-13.745402336120605,-12.11499309539795,-10.759740829467773,-14.71892261505127
4,-19.74134063720703,-22.952239990234375,-23.45197105407715,-23.435205459594727,-25.739057540893555,-23.860570907592773,-24.105701446533203,-27.836406707763672,-13.878174781799316,-22.68428611755371,-27.960803985595703,-27.06093406677246,-32.67569351196289,-32.01375198364258,-29.55038833618164,-37.471126556396484
5,-8.714524269104004,-9.203981399536133,-9.674066543579102,-7.426997661590576,-6.507185935974121,-7.725561618804932,-7.509610652923584,-10.548144340515137,-8.184296607971191,-13.72475528717041,-18.35430145263672,-15.20972728729248,-20.69717788696289,-21.492549896240234,-17.45887565612793,-23.335878372192383
6,8.706530570983887,8.778687477111816,7.967286586761475,7.772785186767578,12.310089111328125,11.889317512512207,9.532835960388184,11.448198318481445,9.725151062011719,9.872637748718262,8.097762107849121,12.084440231323242,9.485169410705566,4.739527702331543,14.491231918334961,18.465641021728516
7,19.325958251953125,16.632232666015625,18.571378707885742,18.085994720458984,20.68644142150879,16.86125373840332,14.784856796264648,20.31901741027832,16.183263778686523,13.441757202148438,13.592140197753906,14.679265975952148,14.870694160461426,10.505757331848145,15.14112377166748,16.333702087402344
8,7.6640849113464355,5.689022064208984,9.741034507751465,15.42029094696045,14.271178245544434,4.498435020446777,7.795538425445557,12.702336311340332,18.431427001953125,15.766209602355957,13.951068878173828,15.341997146606445,16.83171272277832,15.306645393371582,19.500545501708984,15.77050495147705
9,-7.756781101226807,-4.797937870025635,-0.04157573729753494,0.3643738031387329,-0.9580122232437134,-4.477239608764648,-6.77352237701416,0.5148232579231262,2.203429937362671,0.24937838315963745,-3.45031476020813,-1.4573203325271606,2.1011078357696533,4.223311424255371,10.577144622802734,9.954769134521484
10,13.512222290039062,14.66870403289795,21.69363784790039,26.538122177124023,18.657148361206055,15.426146507263184,15.806185722351074,12.910552978515625,8.479145050048828,12.230731964111328,14.245553016662598,13.421402931213379,16.439899444580078,14.972146034240723,17.2043399810791,-4.880110263824463
11,7.338676452636719,7.446235179901123,7.700762748718262,11.978551864624023,13.014768600463867,6.512935638427734,8.53594970703125,1.0683072805404663,20.61943817138672,14.369105339050293,10.374730110168457,13.424543380737305,15.36416244506836,15.006956100463867,18.268342971801758,13.52613353729248
12,-2.8146989345550537,-7.694382667541504,-9.935500144958496,-8.471412658691406,-6.736598968505859,-5.5695881843566895,-4.334924697875977,-13.910991668701172,5.638094425201416,2.602107286453247,1.3680894374847412,-0.04428068548440933,-1.417012095451355,1.6629325151443481,0.17944170534610748,17.68999481201172
13,-11.806127548217773,-18.68137550354004,-16.8559627532959,-19.483657836914062,-22.708545684814453,-18.821414947509766,-13.914045333862305,-24.781417846679688,-14.903772354125977,-12.552206993103027,-13.10831069946289,-13.676678657531738,-15.309819221496582,-15.628410339355469,-17.838245391845703,-11.880892753601074
14,7.9920735359191895,10.205109596252441,10.448229789733887,9.061629295349121,4.532532691955566,8.105203628540039,12.201996803283691,0.32395708560943604,-9.283127784729004,-6.197780609130859,-11.493453025817871,-8.336852073669434,-7.874144077301025,-10.704992294311523,-9.021944999694824,-19.04686737060547
15,-3.3229265213012695,-1.0510926246643066,1.4537547826766968,-2.6743805408477783,-3.1187644004821777,2.2154135704040527,-3.128424882888794,-2.4189095497131348,10.315291404724121,15.472012519836426,15.166956901550293,11.706673622131348,14.312073707580566,12.833102226257324,16.856351852416992,24.949840545654297
16,9.560646057128906,10.919970512390137,8.898844718933105,8.925168991088867,8.721796035766602,11.743350982666016,9.231616973876953,12.2210111618042,3.7558066844940186,7.776446342468262,1.5842931270599365,4.47232723236084,7.70530366897583,6.915573596954346,5.55657434463501,-5.003454685211182
17,-3.779118537902832,1.3878728151321411,-1.7570534944534302,-4.3006181716918945,-2.8840034008026123,-0.08401758223772049,1.8149313926696777,3.1024210453033447,9.334522247314453,3.1331751346588135,4.701519012451172,4.358104705810547,6.028877258300781,6.832483768463135,4.076966762542725,-11.158100128173828
18,-8.333318710327148,-5.639645576477051,-7.417268753051758,-8.390297889709473,-4.098108291625977,-5.094247817993164,-0.9446313977241516,-1.0519676208496094,-2.4090025424957275,-5.197315692901611,2.251622438430786,-1.2146636247634888,2.3422276973724365,2.185075521469116,3.699728488922119,5.8607378005981445
19,-6.416633605957031,-9.681722640991211,-14.646749496459961,-9.163220405578613,-8.329187393188477,-11.555292129516602,-9.491480827331543,-3.922415018081665,-10.87495231628418,-11.798211097717285,-11.738916397094727,-10.586167335510254,-4.929299831390381,-5.447795391082764,-0.6462509632110596,-4.5698747634887695
20,-8.333318710327148,-5.639645576477051,-7.417268753051758,-8.390297889709473,-4.098108291625977,-5.094247817993164,-0.9446313977241516,-1.0519676208496094,-2.4090025424957275,-5.197315692901611,2.251622438430786,-1.2146636247634888,2.3422276973724365,2.185075521469116,3.699728488922119,5.8607378005981445
21,-6.416633605957031,-9.681722640991211,-14.646749496459961,-9.163220405578613,-8.329187393188477,-11.555292129516602,-9.491480827331543,-3.922415018081665,-10.87495231628418,-11.798211097717285,-11.738916397094727,-10.586167335510254,-4.929299831390381,-5.447795391082764,-0.6462509632110596,-4.5698747634887695
22,-14.536951065063477,-17.755573272705078,-19.57936668395996,-20.043434143066406,-15.3406400680542,-21.966096878051758,-22.258665084838867,-15.85739803314209,-16.07705307006836,-16.257041931152344,-16.821624755859375,-17.216890335083008,-12.578816413879395,-12.491690635681152,-7.359061241149902,-10.057140350341797
23,2.7163705825805664,4.907838344573975,3.635319471359253,3.323066473007202,6.763256072998047,3.712419033050537,4.281196117401123,3.7033822536468506,-3.505028009414673,-2.4387779235839844,-0.6624284982681274,-3.3297736644744873,-0.8082391023635864,-1.9424875974655151,1.434047818183899,-1.266700267791748
24,-2.082418918609619,0.9863892197608948,-5.1839494705200195,-1.7201825380325317,-3.0209732055664062,1.0497353076934814,2.88893723487854,6.93968391418457,18.151142120361328,13.234702110290527,13.663854598999023,11.780374526977539,9.754748344421387,7.237820625305176,10.060586929321289,8.836219787597656
25,-7.158949375152588,-3.3514742851257324,-1.221361756324768,-0.7086784839630127,0.07045019418001175,-1.8921586275100708,3.8571231365203857,2.923935890197754,-6.830368995666504,-2.5667049884796143,6.583582878112793,1.7010685205459595,5.145739555358887,5.285663604736328,5.4592719078063965,-4.078677177429199
26,10.097502708435059,6.1469526290893555,8.900882720947266,6.822219371795654,11.742103576660156,8.464115142822266,9.83177375793457,9.475468635559082,-2.9392714500427246,-4.097151756286621,-1.472394585609436,-0.7139630913734436,3.2456259727478027,5.293176651000977,4.646787166595459,17.600698471069336
27,-12.426655769348145,-19.538192749023438,-16.619281768798828,-22.029409408569336,-16.04600715637207,-16.517580032348633,-16.719392776489258,-6.929264068603516,0.9464070200920105,-0.6209112405776978,-2.2852067947387695,0.1664792001247406,-0.22493818402290344,3.7321481704711914,0.0016140853986144066,16.520357131958008
28,-7.066781520843506,-15.69448184967041,-17.121612548828125,-23.20143699645996,-21.52414321899414,-9.79749870300293,-20.841453552246094,-5.946374416351318,-24.435222625732422,-15.738115310668945,-16.879003524780273,-14.953349113464355,-19.250364303588867,-15.847000122070312,-22.125370025634766,-20.079254150390625
29,7.312042236328125,-0.7758076786994934,-0.5447384119033813,-11.838944435119629,-11.179018020629883,11.16415023803711,-5.502511024475098,8.692977905273438,7.287913799285889,3.961925745010376,2.308405876159668,7.733230113983154,-0.020477034151554108,-2.423748254776001,-8.518473625183105,-18.187700271606445
30,-7.066781520843506,-15.69448184967041,-17.121612548828125,-23.20143699645996,-21.52414321899414,-9.79749870300293,-20.841453552246094,-5.946374416351318,-24.435222625732422,-15.738115310668945,-16.879003524780273,-14.953349113464355,-19.250364303588867,-15.847000122070312,-22.125370025634766,-20.079254150390625
31,7.312042236328125,-0.7758076786994934,-0.5447384119033813,-11.838944435119629,-11.179018020629883,11.16415023803711,-5.502511024475098,8.692977905273438,7.287913799285889,3.961925745010376,2.308405876159668,7.733230113983154,-0.020477034151554108,-2.423748254776001,-8.518473625183105,-18.187700271606445
32,5.614931106567383,-4.38064432144165,-3.132754325866699,-8.518278121948242,-8.461058616638184,3.744687080383301,-5.08839225769043,1.7151479721069336,17.561561584472656,20.02161979675293,18.927400588989258,23.673851013183594,12.860945701599121,1.0356544256210327,0.6292535066604614,-7.201779365539551
33,0.8994709253311157,-3.5137479305267334,-4.588316917419434,-2.095982551574707,-4.435101509094238,-1.1204369068145752,-8.351698875427246,-10.681120872497559,6.213395118713379,11.843424797058105,6.706226825714111,9.775545120239258,2.415421962738037,-9.638130187988281,-6.7218427658081055,-6.765815258026123
34,-13.288825035095215,-9.86235237121582,-8.297155380249023,-6.154941558837891,-9.286165237426758,-9.75949764251709,-15.261944770812988,-18.14263153076172,-4.628337860107422,-4.0113301277160645,-3.913527011871338,-5.312773704528809,-9.872879981994629,-15.09003734588623,-14.870675086975098,-12.68393611907959
35,-14.909527778625488,-9.29654598236084,-6.7824859619140625,-0.24864445626735687,-7.827816963195801,-17.83110809326172,-7.245212554931641,-18.33257484436035,-16.010467529296875,-8.927626609802246,-8.533233642578125,-10.477964401245117,-8.515588760375977,-4.349752426147461,-7.10476016998291,-11.15299129486084
36,-17.61017608642578,-4.750107765197754,-2.8924367427825928,1.5171458721160889,-7.815034866333008,-17.390764236450195,-13.495513916015625,-18.38382339477539,-26.002479553222656,-29.91805076599121,-27.86390495300293,-29.93235206604004,-27.95711898803711,-22.09259605407715,-24.191547393798828,-20.585094451904297
37,19.109893798828125,28.603023529052734,31.22858238220215,35.418514251708984,27.73670196533203,17.94124412536621,19.272676467895508,8.082479476928711,0.9376011490821838,-5.828011989593506,-3.54758882522583,-7.782501697540283,-4.592923164367676,4.098447322845459,1.6176527738571167,23.175004959106445
38,40.242515563964844,42.560630798339844,48.95048904418945,48.49078369140625,42.78058624267578,38.142581939697266,47.1485710144043,28.367891311645508,26.9787540435791,32.06772994995117,35.247215270996094,31.436389923095703,33.93605422973633,40.412662506103516,35.147220611572266,36.39778518676758
39,6.64543342590332,7.914741516113281,14.390886306762695,11.54096794128418,10.196754455566406,1.122094988822937,13.020230293273926,0.44007882475852966,19.907743453979492,8.701615333557129,13.048919677734375,9.333456039428711,11.82056713104248,17.466148376464844,9.509727478027344,4.613855838775635
40,-7.154866695404053,-5.346846103668213,-6.794490337371826,-8.230414390563965,-8.491628646850586,-9.687845230102539,-5.3403778076171875,-15.023944854736328,-13.239523887634277,-19.669836044311523,-16.965967178344727,-16.895889282226562,-14.336216926574707,-11.837568283081055,-12.670061111450195,-19.545156478881836
41,0.21578088402748108,2.884549140930176,-3.3065240383148193,-3.7627406120300293,-2.542372941970825,1.4589179754257202,-4.088540554046631,-12.286295890808105,-5.519665718078613,-12.157934188842773,-6.975555419921875,-9.800067901611328,-7.655723571777344,-9.527999877929688,-8.187593460083008,-9.351555824279785
42,5.481951713562012,10.478520393371582,7.43958854675293,5.550176620483398,8.828849792480469,13.741015434265137,11.219023704528809,4.842889785766602,0.4899655282497406,2.3488986492156982,9.305943489074707,5.955135345458984,6.416024208068848,1.3668889999389648,3.0049192905426025,6.364811897277832
43,0.959378182888031,1.8913379907608032,-1.3355529308319092,-3.233058214187622,1.6465834379196167,3.69109845161438,6.822105407714844,6.744226455688477,-6.010927200317383,1.4775571823120117,6.914409637451172,7.0713372230529785,7.820539951324463,6.683884620666504,3.534029245376587,6.7131195068359375
44,6.345511436462402,5.617776393890381,-0.1732969433069229,1.8324519395828247,2.12571382522583,5.051513671875,-0.062147356569767,5.915266990661621,1.3423184156417847,8.7454833984375,9.67931842803955,12.157832145690918,13.840516090393066,11.537742614746094,11.633203506469727,12.90942096710205
45,0.959378182888031,1.8913379907608032,-1.3355529308319092,-3.233058214187622,1.6465834379196167,3.69109845161438,6.822105407714844,6.744226455688477,-6.010927200317383,1.4775571823120117,6.914409637451172,7.0713372230529785,7.820539951324463,6.683884620666504,3.534029245376587,6.7131195068359375
46,6.345511436462402,5.617776393890381,-0.1732969433069229,1.8324519395828247,2.12571382522583,5.051513671875,-0.062147356569767,5.915266990661621,1.3423184156417847,8.7454833984375,9.67931842803955,12.157832145690918,13.840516090393066,11.537742614746094,11.633203506469727,12.90942096710205
47,8.372426986694336,7.691778659820557,3.3899364471435547,3.9883840084075928,2.6966824531555176,10.448568344116211,1.0891616344451904,4.960595607757568,7.065033435821533,6.183561325073242,8.195919036865234,7.674862384796143,8.852091789245605,6.745375156402588,6.100822448730469,1.409769058227539
48,-1.1485490798950195,-3.71561861038208,-4.466311454772949,-9.15833568572998,-6.524683475494385,-1.0150047540664673,-2.2129721641540527,-1.4674491882324219,4.062386512756348,0.34631678462028503,2.9410388469696045,1.8509654998779297,1.9138351678848267,3.9679291248321533,-2.1693944931030273,5.729956150054932
49,-7.781553268432617,-5.424970626831055,-9.272514343261719,-11.636897087097168,-3.672452688217163,-8.035249710083008,-5.059974193572998,-4.091250896453857,-10.207296371459961,-6.9804277420043945,-12.283221244812012,-7.14371395111084,-8.615489959716797,2.2276999950408936,-11.644735336303711,17.761096954345703
50,15.090287208557129,20.37670135498047,2.325542688369751,-3.0704965591430664,-0.6840155720710754,5.968122959136963,-3.264993190765381,27.914255142211914,20.409669876098633,19.93822479248047,12.432180404663086,7.377130508422852,1.4557468891143799,19.91910743713379,-12.136521339416504,15.992486953735352
51,6.975602149963379,17.056209564208984,-2.9438881874084473,0.6356581449508667,-0.8414331674575806,-2.5003697872161865,-1.5450767278671265,26.91961669921875,17.74260711669922,11.105294227600098,3.923332452774048,-1.088994026184082,-9.17455768585205,10.727558135986328,-22.61619758605957,1.3239330053329468
52,-11.899545669555664,-2.9146482944488525,-11.53615665435791,-3.042257308959961,-4.692812919616699,-14.001529693603516,-6.756922721862793,21.096582412719727,-0.7465415000915527,-2.848329782485962,-5.488466739654541,-12.827010154724121,-18.746116638183594,0.8152955770492554,-30.49765396118164,3.749188184738159
53,1.7343990802764893,5.931397914886475,6.163731098175049,14.684762954711914,13.097646713256836,0.3405114412307739,8.250543594360352,38.405181884765625,-15.011944770812988,-6.31428337097168,-4.065542221069336,-10.483477592468262,-17.124832153320312,0.9841932058334351,-23.12076187133789,14.6138916015625
54,3.9444570541381836,4.450873851776123,7.037092685699463,13.125059127807617,12.69296932220459,1.3574018478393555,11.067237854003906,38.80110549926758,8.920056343078613,12.291367530822754,7.744846343994141,11.519920349121094,4.324141502380371,17.584775924682617,3.7577755451202393,29.782623291015625
55,1.7343990802764893,5.931397914886475,6.163731098175049,14.684762954711914,13.097646713256836,0.3405114412307739,8.250543594360352,38.405181884765625,-15.011944770812988,-6.31428337097168,-4.065542221069336,-10.483477592468262,-17.124832153320312,0.9841932058334351,-23.12076187133789,14.6138916015625
56,3.9444570541381836,4.450873851776123,7.037092685699463,13.125059127807617,12.69296932220459,1.3574018478393555,11.067237854003906,38.80110549926758,8.920056343078613,12.291367530822754,7.744846343994141,11.519920349121094,4.324141502380371,17.584775924682617,3.7577755451202393,29.782623291015625
57,-9.628239631652832,-12.95690631866455,-8.257759094238281,-8.489861488342285,-2.0380070209503174,-5.811685562133789,-3.4887561798095703,23.39777183532715,5.632908344268799,4.438525676727295,0.013885977678000927,7.228386402130127,-0.7021366357803345,2.7372994422912598,-0.9133859276771545,5.108271598815918
58,-3.803412437438965,-11.542262077331543,-7.272106170654297,-5.687620639801025,3.6657207012176514,1.1586445569992065,-2.008760690689087,15.822874069213867,-5.045767784118652,-3.6143686771392822,-5.725689888000488,3.816406011581421,-3.4306020736694336,-12.231396675109863,-2.3730289936065674,-17.738161087036133
59,-8.100607872009277,-16.54096031188965,-8.963081359863281,-10.784109115600586,-6.5340576171875,-1.153581142425537,-1.98060941696167,0.6103604435920715,1.9197114706039429,-2.100635051727295,-2.207332134246826,7.949857711791992,0.41681522130966187,-14.459390640258789,2.5512967109680176,-11.949995994567871
60,18.620439529418945,5.576859951019287,13.86785888671875,5.239543914794922,10.940080642700195,27.151918411254883,19.046201705932617,5.436901569366455,13.3187837600708,20.465578079223633,22.204843521118164,32.25167465209961,26.85163688659668,1.8022067546844482,28.820207595825195,1.5379340648651123
61,-6.514896869659424,-17.785245895385742,-7.955153942108154,-15.813554763793945,-10.972204208374023,1.707931399345398,-4.917982578277588,-19.390104293823242,1.5976167917251587,-1.5012140274047852,6.445207595825195,8.428365707397461,7.667184829711914,-17.697786331176758,10.288792610168457,-20.17395782470703
62,19.22231101989746,9.13794231414795,19.54250144958496,9.336134910583496,11.947829246520996,24.5970401763916,18.35747718811035,-8.80035400390625,1.2732887268066406,8.80672836303711,19.267412185668945,14.4495267868042,16.219675064086914,-10.356797218322754,19.777864456176758,-13.734140396118164
63,11.26288890838623,5.316473484039307,16.17978858947754,8.021047592163086,7.116680145263672,19.08024024963379,14.213468551635742,-15.529938697814941,17.485275268554688,26.193140029907227,28.24183464050293,27.849090576171875,34.96632766723633,18.91638946533203,40.668636322021484,-0.4836465120315552
64,-12.134981155395508,-14.401119232177734,-7.624378204345703,-6.56050968170166,-8.234020233154297,-5.949756145477295,-3.9480838775634766,-37.564422607421875,-12.319511413574219,-6.870580196380615,-5.259302139282227,-9.092877388000488,0.8322195410728455,-5.501935005187988,8.995309829711914,-16.335569381713867
65,-27.954055786132812,-25.0283203125,-19.863765716552734,-16.710391998291016,-24.69011878967285,-25.694150924682617,-21.755319595336914,-46.951541900634766,3.627479076385498,-6.473222255706787,-17.66228675842285,-14.965567588806152,-5.168278694152832,-3.4644980430603027,5.742631912231445,-7.636247158050537
66,-26.16277313232422,-17.94547462463379,-19.447147369384766,-10.520421981811523,-22.862823486328125,-23.841100692749023,-26.53658103942871,-42.64824295043945,-38.4998664855957,-39.252681732177734,-48.074676513671875,-47.213680267333984,-41.22834014892578,-41.08037567138672,-32.660465240478516,-48.24760437011719
67,1.0063964128494263,3.640255928039551,1.2932417392730713,9.829554557800293,-0.39851248264312744,-2.3095786571502686,-2.9635188579559326,-13.570181846618652,-19.553794860839844,-14.536951065063477,-14.781094551086426,-18.83140754699707,-14.930352210998535,-14.071648597717285,-10.18351936340332,-17.83840560913086
68,-8.423084259033203,-6.858809471130371,-4.854416370391846,-5.213885307312012,-7.734720706939697,-11.05370044708252,-7.034171104431152,-8.216320037841797,4.350422382354736,3.027245283126831,0.9524402618408203,2.0252127647399902,8.440410614013672,9.213579177856445,12.912667274475098,6.836156368255615
69,-20.437419891357422,-14.440953254699707,-8.906682014465332,-9.722807884216309,-3.8416121006011963,-17.24451446533203,-12.119138717651367,-9.067173957824707,-26.259521484375,-20.711828231811523,-20.29046058654785,-18.5554141998291,-12.061455726623535,-7.880990028381348,-5.37143611907959,2.796794891357422
70,-8.423084259033203,-6.858809471130371,-4.854416370391846,-5.213885307312012,-7.734720706939697,-11.05370044708252,-7.034171104431152,-8.216320037841797,4.350422382354736,3.027245283126831,0.9524402618408203,2.0252127647399902,8.440410614013672,9.213579177856445,12.912667274475098,6.836156368255615
71,-20.437419891357422,-14.440953254699707,-8.906682014465332,-9.722807884216309,-3.8416121006011963,-17.24451446533203,-12.119138717651367,-9.067173957824707,-26.259521484375,-20.711828231811523,-20.29046058654785,-18.5554141998291,-12.061455726623535,-7.880990028381348,-5.37143611907959,2.796794891357422
72,-7.098417282104492,-8.328081130981445,1.414268136024475,4.251726150512695,6.0933756828308105,-8.001374244689941,-0.529124915599823,1.0932213068008423,-15.149693489074707,-14.629312515258789,-12.577750205993652,-11.798543930053711,-5.268906116485596,-4.6384477615356445,-0.41497641801834106,-3.414781093597412
73,27.301965713500977,23.082202911376953,24.14113998413086,29.308378219604492,29.230716705322266,21.736385345458984,27.382516860961914,26.624788284301758,19.687057495117188,9.779085159301758,8.783792495727539,10.959693908691406,16.171112060546875,11.604086875915527,18.239797592163086,7.195576190948486
74,29.64940643310547,27.171287536621094,26.06539535522461,29.379579544067383,30.43174171447754,26.45964813232422,31.52754783630371,36.761871337890625,25.64488410949707,30.113740921020508,30.3822078704834,32.80617904663086,35.26887130737305,32.89100646972656,36.29812240600586,35.288204193115234
75,-4.486913204193115,-4.359622478485107,-6.155037879943848,-3.6365504264831543,-0.9921762347221375,-7.68408203125,-4.071347236633301,-3.793818235397339,-23.77408790588379,-18.779071807861328,-18.789304733276367,-19.40302085876465,-18.256805419921875,-14.504395484924316,-11.970569610595703,-14.691488265991211
76,-10.485027313232422,-11.807729721069336,-10.453566551208496,-9.168004035949707,-11.5413236618042,-12.237822532653809,-5.714166641235352,-7.975552558898926,1.2212616205215454,-1.2970643043518066,-2.500828504562378,-2.1294145584106445,-1.2538244724273682,1.1072288751602173,2.6178793907165527,-5.643558502197266
77,-1.3021260499954224,-4.2632293701171875,-5.395275592803955,-2.1025195121765137,-5.650629043579102,-6.6869001388549805,-6.722192764282227,-7.730932235717773,-2.8332743644714355,-7.630372524261475,-10.723361015319824,-10.588581085205078,-9.887092590332031,-9.528573989868164,-7.846728801727295,-14.865110397338867
78,9.988104820251465,7.6190595626831055,0.29316359758377075,3.0012733936309814,1.0231117010116577,4.409932613372803,2.211498975753784,-1.2468901872634888,0.8428419828414917,4.432459354400635,2.884157419204712,1.0416523218154907,0.41986480355262756,-5.716275691986084,1.5493510961532593,-4.976044654846191
79,-4.169758319854736,-9.975759506225586,-12.265335083007812,-13.800490379333496,-15.28228759765625,-7.887545108795166,-11.827609062194824,-13.421010971069336,5.163185119628906,5.736531734466553,6.356132984161377,3.0136406421661377,-2.300865650177002,-8.236141204833984,-6.359748363494873,-11.718505859375
80,9.988104820251465,7.6190595626831055,0.29316359758377075,3.0012733936309814,1.0231117010116577,4.409932613372803,2.211498975753784,-1.2468901872634888,0.8428419828414917,4.432459354400635,2.884157419204712,1.0416523218154907,0.41986480355262756,-5.716275691986084,1.5493510961532593,-4.976044654846191
81,-4.169758319854736,-9.975759506225586,-12.265335083007812,-13.800490379333496,-15.28228759765625,-7.887545108795166,-11.827609062194824,-13.421010971069336,5.163185119628906,5.736531734466553,6.356132984161377,3.0136406421661377,-2.300865650177002,-8.236141204833984,-6.359748363494873,-11.718505859375
82,0.5033016204833984,-5.327054977416992,-7.175268650054932,-10.239331245422363,-6.964580059051514,-2.864358425140381,-7.0608906745910645,-12.68962574005127,-3.6735124588012695,-6.279084205627441,-14.241793632507324,-9.682806968688965,-14.106462478637695,-17.278207778930664,-21.469430923461914,-27.242067337036133
83,9.053561210632324,8.677148818969727,4.056972026824951,0.0724494680762291,1.6438430547714233,8.9091796875,6.794299125671387,-2.5451738834381104,3.9834399223327637,10.965092658996582,7.8075103759765625,8.972021102905273,5.641222953796387,3.992567300796509,-3.1412339210510254,5.163391590118408
84,-4.519782066345215,-4.486215591430664,-2.597778081893921,-9.467829704284668,-10.180595397949219,-3.899970769882202,-8.567215919494629,-9.317286491394043,0.5755411982536316,10.644137382507324,13.057501792907715,12.008429527282715,7.841832637786865,7.471290588378906,-2.7811365127563477,5.478767395019531
85,28.7453670501709,26.582090377807617,23.304157257080078,24.361772537231445,26.80034637451172,21.345125198364258,18.181575775146484,18.66735076904297,21.205642700195312,10.101240158081055,13.682976722717285,10.711905479431152,9.21155834197998,12.371092796325684,6.602808952331543,20.598339080810547
86,3.5349998474121094,4.3853678703308105,3.0596601963043213,4.916813373565674,2.149003505706787,4.399501800537109,0.9241885542869568,7.952144145965576,21.728290557861328,22.706573486328125,29.26483154296875,22.80562973022461,22.409870147705078,22.62779998779297,20.03847312927246,22.293479919433594
87,-16.136016845703125,-9.382977485656738,-11.054997444152832,-9.05673885345459,-12.280454635620117,-8.759620666503906,-15.875658988952637,-10.295656204223633,-2.009016275405884,-7.8089141845703125,0.6667807698249817,-7.031529903411865,-5.663639545440674,-10.046375274658203,-7.018910884857178,-9.411700248718262
88,1.2596943378448486,9.127631187438965,4.218865394592285,6.988065242767334,6.531290531158447,4.62246561050415,1.3093295097351074,-0.3765195310115814,-8.486882209777832,-8.469189643859863,-1.0542548894882202,-7.652647495269775,-3.6249938011169434,-1.2041926383972168,-3.8435730934143066,-2.5419600009918213
89,16.399858474731445,25.461790084838867,17.09383773803711,22.106159210205078,19.736543655395508,19.878372192382812,15.786799430847168,18.69251251220703,5.321432590484619,9.15915584564209,11.08447551727295,8.856128692626953,13.525589942932129,18.609376907348633,12.79561996459961,10.176673889160156
90,1.2596943378448486,9.127631187438965,4.218865394592285,6.988065242767334,6.531290531158447,4.62246561050415,1.3093295097351074,-0.3765195310115814,-8.486882209777832,-8.469189643859863,-1.0542548894882202,-7.652647495269775,-3.6249938011169434,-1.2041926383972168,-3.8435730934143066,-2.5419600009918213
91,16.399858474731445,25.461790084838867,17.09383773803711,22.106159210205078,19.736543655395508,19.878372192382812,15.786799430847168,18.69251251220703,5.321432590484619,9.15915584564209,11.08447551727295,8.856128692626953,13.525589942932129,18.609376907348633,12.79561996459961,10.176673889160156
92,8.786335945129395,16.494060516357422,9.740715026855469,15.073171615600586,9.948840141296387,11.304181098937988,6.799776077270508,12.249764442443848,10.837364196777344,3.7750704288482666,2.3895974159240723,1.4128724336624146,4.007819652557373,5.810107231140137,4.898910999298096,10.722112655639648
93,-2.036985158920288,1.081075668334961,1.1644562482833862,1.339003562927246,-2.938575267791748,-0.03393742814660072,-2.6600773334503174,2.153170347213745,-3.2605254650115967,-0.18599286675453186,-2.0555455684661865,-4.961094379425049,-4.861669540405273,-1.2945457696914673,-3.4349429607391357,-3.1869564056396484
94,4.779874801635742,6.079351425170898,5.141554355621338,5.9988250732421875,0.7731755971908569,4.9510016441345215,2.723182439804077,8.333028793334961,7.144659519195557,2.023085832595825,-4.6995463371276855,-3.636627435684204,-5.2892231941223145,-6.3084540367126465,-1.9294447898864746,-0.30187758803367615
95,-6.910597324371338,-6.458510398864746,-8.458081245422363,-5.2093281745910645,-1.6490788459777832,-9.12967586517334,-10.343202590942383,-0.37679407000541687,-13.834463119506836,-14.7360258102417,-13.261445045471191,-11.824865341186523,-12.406411170959473,-8.568368911743164,-7.988859176635742,-11.546961784362793
96,9.14720630645752,2.4900102615356445,5.252645015716553,2.1879055500030518,5.851186275482178,5.3508381843566895,4.671157360076904,7.969034671783447,-1.5264266729354858,-0.6961624622344971,-5.365959644317627,0.28132545948028564,-1.1506774425506592,1.85683274269104,0.7135083079338074,-1.591999888420105
97,-1.0697097778320312,-4.03352689743042,2.458782434463501,-5.683256149291992,-3.455472707748413,3.599484443664551,3.4664268493652344,3.0535857677459717,16.954578399658203,21.425683975219727,22.855234146118164,25.344579696655273,23.966243743896484,21.047025680541992,21.498292922973633,17.74272918701172
98,-17.370811462402344,-22.75218963623047,-17.74315643310547,-22.492219924926758,-20.17121124267578,-16.591066360473633,-15.458785057067871,-19.247041702270508,-14.685219764709473,-15.29409408569336,-8.80799388885498,-9.882855415344238,-9.610440254211426,-12.100504875183105,-11.95486831665039,-16.15856170654297
99,1.7232495546340942,-4.879574298858643,-3.1670196056365967,-5.609014987945557,0.3201829493045807,-1.4994490146636963,1.9828969240188599,-6.263267517089844,-12.174625396728516,-12.355734825134277,-9.24310302734375,-9.944818496704102,-8.763269424438477,-13.112895011901855,-7.776561260223389,2.3054707050323486
100,19.037700653076172,20.025659561157227,18.40418243408203,24.525352478027344,23.295806884765625,15.983136177062988,18.781822204589844,8.42458724975586,21.533729553222656,14.611297607421875,10.867883682250977,12.171040534973145,12.11001205444336,10.482046127319336,12.71314811706543,0.48459070920944214
101,22.7833251953125,23.009550094604492,25.00487518310547,31.43669319152832,27.726268768310547,23.58196449279785,30.97679328918457,22.75060272216797,28.595388412475586,28.358064651489258,24.69110679626465,27.446767807006836,26.99610137939453,24.902807235717773,28.749629974365234,21.677114486694336
102,6.149242877960205,7.432295799255371,10.978554725646973,16.15751838684082,8.012633323669434,6.226341247558594,18.85869598388672,11.944525718688965,20.081491470336914,22.122934341430664,18.264158248901367,21.598283767700195,21.586956024169922,21.370983123779297,23.393997192382812,24.772911071777344
103,-22.223249435424805,-22.521839141845703,-20.43735122680664,-14.10129451751709,-20.030550003051758,-22.063335418701172,-9.504961013793945,-15.521669387817383,-7.587571144104004,-8.817398071289062,-18.38648796081543,-10.645696640014648,-9.421426773071289,-3.635807991027832,-6.803022384643555,10.395039558410645
104,-12.193974494934082,-8.612013816833496,-7.477954864501953,-3.968045234680176,-8.150568008422852,-4.512828826904297,-3.9562599658966064,-4.711997032165527,-28.316984176635742,-18.450368881225586,-21.535242080688477,-18.283750534057617,-17.964242935180664,-13.848373413085938,-15.148463249206543,-14.255249977111816
105,-12.193974494934082,-8.612013816833496,-7.477954864501953,-3.968045234680176,-8.150568008422852,-4.512828826904297,-3.9562599658966064,-4.711997032165527,-28.316984176635742,-18.450368881225586,-21.535242080688477,-18.283750534057617,-17.964242935180664,-13.848373413085938,-15.148463249206543,-14.255249977111816
106,-5.9022626876831055,-1.0240685939788818,1.786940574645996,0.05977872014045715,-5.496006011962891,2.0082359313964844,-0.9554818868637085,2.4881608486175537,-17.960142135620117,-11.024227142333984,-9.514782905578613,-12.130266189575195,-12.485910415649414,-9.482510566711426,-10.356950759887695,-23.92096710205078
107,-7.888963222503662,-6.084563255310059,-6.211170196533203,-4.279565334320068,-7.524888515472412,-7.507431983947754,-3.1154870986938477,-3.697972059249878,-3.104405403137207,-8.034481048583984,-7.098351955413818,-9.784921646118164,-9.880600929260254,-8.780450820922852,-8.319485664367676,-19.341991424560547
108,-18.29221534729004,-15.128061294555664,-15.334437370300293,-15.506945610046387,-19.12859535217285,-15.092412948608398,-13.632102966308594,-16.470531463623047,-8.26513957977295,-14.63183307647705,-14.281785011291504,-15.431541442871094,-13.932425498962402,-17.242244720458984,-11.956649780273438,-23.257183074951172
109,-35.5380744934082,-32.44532012939453,-31.706178665161133,-34.51786422729492,-41.297637939453125,-26.918291091918945,-33.02151870727539,-31.774370193481445,-23.64094352722168,-29.336570739746094,-24.50080108642578,-28.736310958862305,-26.0426082611084,-30.605831146240234,-26.37417221069336,-26.227893829345703
110,-35.5380744934082,-32.44532012939453,-31.706178665161133,-34.51786422729492,-41.297637939453125,-26.918291091918945,-33.02151870727539,-31.774370193481445,-23.64094352722168,-29.336570739746094,-24.50080108642578,-28.736310958862305,-26.0426082611084,-30.605831146240234,-26.37417221069336,-26.227893829345703
111,-19.785703659057617,-18.554418563842773,-23.45952796936035,-25.867225646972656,-25.19307518005371,-16.58254051208496,-25.278249740600586,-22.87284278869629,-24.4127197265625,-30.834386825561523,-25.53452491760254,-28.232873916625977,-25.769756317138672,-30.937753677368164,-28.493885040283203,-18.703763961791992
112,-2.9971985816955566,-0.875612199306488,-7.591763496398926,-13.84001636505127,-7.760749816894531,-4.024074554443359,-12.891072273254395,-8.84105110168457,-15.439826011657715,-14.17646598815918,-14.316744804382324,-12.179854393005371,-11.517253875732422,-14.519354820251465,-12.631377220153809,-15.510838508605957
113,-9.648286819458008,-7.200484275817871,-14.048802375793457,-19.290281295776367,-16.560482025146484,-11.484930992126465,-20.435842514038086,-13.250189781188965,-5.596503734588623,-6.898797988891602,-5.309881687164307,-5.218658924102783,-6.294293403625488,-8.636617660522461,-7.998510360717773,-23.373422622680664
114,-3.4204440116882324,-1.7739413976669312,-8.286622047424316,-14.702413558959961,-12.362911224365234,-6.554044246673584,-18.168880462646484,-12.862682342529297,1.9369373321533203,-8.405749320983887,-3.525899887084961,-9.444031715393066,-10.803630828857422,-11.606308937072754,-9.594015121459961,-8.316606521606445
115,-9.648286819458008,-7.200484275817871,-14.048802375793457,-19.290281295776367,-16.560482025146484,-11.484930992126465,-20.435842514038086,-13.250189781188965,-5.596503734588623,-6.898797988891602,-5.309881687164307,-5.218658924102783,-6.294293403625488,-8.636617660522461,-7.998510360717773,-23.373422622680664
116,-3.4204440116882324,-1.7739413976669312,-8.286622047424316,-14.702413558959961,-12.362911224365234,-6.554044246673584,-18.168880462646484,-12.862682342529297,1.9369373321533203,-8.405749320983887,-3.525899887084961,-9.444031715393066,-10.803630828857422,-11.606308937072754,-9.594015121459961,-8.316606521606445
117,24.116050720214844,26.979276657104492,22.049901962280273,15.527641296386719,13.10168170928955,20.78652000427246,8.941058158874512,9.357051849365234,-2.1571919918060303,8.165828704833984,9.256420135498047,4.573551177978516,2.242802143096924,1.6348581314086914,5.238922595977783,6.300830364227295
118,24.632875442504883,26.614070892333984,24.861730575561523,19.78148078918457,15.532979965209961,22.251134872436523,15.54712200164795,17.567123413085938,23.91550064086914,27.98838996887207,26.68856430053711,24.884811401367188,23.3060359954834,21.141420364379883,21.967283248901367,12.760503768920898
119,25.562931060791016,22.99976348876953,21.444612503051758,20.02652359008789,21.35850715637207,18.411348342895508,17.80618667602539,19.78243064880371,29.75801658630371,23.907564163208008,20.699630737304688,19.96862030029297,19.151792526245117,17.45309066772461,15.675704002380371,11.480817794799805
120,39.15080261230469,38.77876663208008,34.94678497314453,41.21113967895508,39.879180908203125,32.56819534301758,33.942874908447266,30.7362060546875,28.89470672607422,32.26168441772461,26.234771728515625,28.494081497192383,27.777788162231445,29.330949783325195,25.680522918701172,34.710479736328125
121,14.143978118896484,17.82164192199707,17.181720733642578,18.68568992614746,17.153528213500977,14.520232200622559,17.908580780029297,15.940547943115234,35.91168975830078,37.39564514160156,33.250911712646484,32.79986572265625,33.41997528076172,37.49658203125,34.85047912597656,48.49060821533203
122,0.20444855093955994,-0.9095215797424316,-0.6801465749740601,1.4739723205566406,1.7614312171936035,-4.479904651641846,-3.9568426609039307,0.6513584852218628,2.481104850769043,1.5657907724380493,-5.502878665924072,-3.69663405418396,-0.9073652625083923,5.544859886169434,-0.363869309425354,8.248076438903809
123,3.3278791904449463,1.217560052871704,2.672499656677246,11.971012115478516,7.990145683288574,0.22688990831375122,-2.142068386077881,1.3665046691894531,9.961039543151855,-0.224007248878479,-4.398601531982422,-2.9978373050689697,-0.8716859817504883,7.438769817352295,-0.476674884557724,8.34839916229248
124,-10.442610740661621,-12.999037742614746,-8.28816032409668,-4.378462791442871,-7.1592607498168945,-9.155082702636719,-6.036477088928223,-5.26602029800415,11.765751838684082,9.019136428833008,11.347719192504883,7.841805934906006,6.3358588218688965,7.291329860687256,4.744611740112305,0.9607143998146057
125,-8.123353958129883,-10.770772933959961,-7.914355754852295,1.3095425367355347,8.331019401550293,-8.168326377868652,-0.5255095362663269,-7.488772869110107,-25.61736297607422,-20.145992279052734,-18.984758377075195,-16.214136123657227,-13.452889442443848,-12.147354125976562,-14.496662139892578,-10.279998779296875
126,26.080974578857422,20.912015914916992,21.287967681884766,28.258060455322266,36.545406341552734,20.874618530273438,27.868507385253906,21.644756317138672,2.1581649780273438,2.1149888038635254,5.267636299133301,8.147765159606934,12.034049987792969,13.641193389892578,14.851259231567383,21.092161178588867
127,10.6818208694458,8.278971672058105,12.035111427307129,7.995438098907471,19.73570442199707,10.700885772705078,19.92378807067871,19.562938690185547,29.50853729248047,23.828752517700195,26.096858978271484,28.876922607421875,32.52332305908203,32.67794418334961,37.247711181640625,39.10585021972656
128,-10.381244659423828,-10.222116470336914,-7.949159145355225,-16.09156036376953,-8.173534393310547,-7.479903221130371,-2.473881721496582,-5.539246559143066,2.6193578243255615,-0.4711431860923767,5.888616561889648,4.734805583953857,8.046497344970703,9.612401962280273,13.22677230834961,16.593318939208984
129,2.5003602504730225,1.279811978340149,-2.427639961242676,-2.4245307445526123,-8.877959251403809,-1.0675925016403198,-0.9654194116592407,-1.732849359512329,-9.550844192504883,-13.50965690612793,-7.276856899261475,-9.781702995300293,-9.591156959533691,-6.768295764923096,-9.96403980255127,-20.490909576416016
130,-8.833479881286621,-6.879956245422363,-7.143306732177734,-10.37369155883789,-11.790510177612305,-6.615367412567139,-5.423998832702637,-1.61066734790802,-0.38967499136924744,-3.6780951023101807,0.2941396236419678,-1.3870742321014404,-2.864288091659546,-4.521854400634766,-6.565550804138184,-20.655414581298828
131,-31.614927291870117,-28.45311737060547,-25.231149673461914,-35.0694465637207,-29.49108123779297,-25.301185607910156,-30.59068489074707,-22.90316390991211,-26.56770133972168,-22.561330795288086,-16.234119415283203,-17.028804779052734,-16.69304084777832,-15.827437400817871,-17.455015182495117,-7.247793674468994
132,-16.637788772583008,-13.639582633972168,-14.209311485290527,-22.814210891723633,-20.84407615661621,-15.570369720458984,-25.871606826782227,-19.63888931274414,-38.26960372924805,-33.00748825073242,-29.9326229095459,-29.48641586303711,-29.140657424926758,-26.732881546020508,-27.852636337280273,-16.95658302307129
133,0.6998467445373535,4.477626800537109,5.8482346534729,-2.8280179500579834,-2.4786570072174072,5.103050708770752,-3.349337100982666,-2.132153272628784,-12.478312492370605,-12.846565246582031,-13.019322395324707,-14.19047737121582,-14.173458099365234,-15.050294876098633,-13.087027549743652,-12.534409523010254
134,9.672961235046387,14.02253532409668,18.104379653930664,13.108317375183105,7.901332855224609,16.836137771606445,13.383140563964844,11.091710090637207,-1.9972460269927979,7.891129493713379,5.439549922943115,6.7083964347839355,7.090151786804199,7.982162952423096,7.3599443435668945,7.774797439575195
135,13.511297225952148,17.95738983154297,20.022480010986328,20.67038345336914,9.639795303344727,14.460722923278809,19.86109733581543,17.11440658569336,4.839029788970947,17.24907112121582,15.238662719726562,17.75555419921875,16.9156494140625,15.717340469360352,14.570991516113281,6.907370567321777
136,-2.414240837097168,0.7364068031311035,1.6531628370285034,6.11164665222168,-0.7946802377700806,-0.6564333438873291,4.784328937530518,5.862621784210205,8.638751029968262,7.078608512878418,10.978167533874512,8.431486129760742,6.986008644104004,5.102720737457275,3.6751883029937744,-3.032708168029785
137,-15.92672061920166,-16.003799438476562,-10.228816986083984,-5.575994968414307,-9.393994331359863,-10.950699806213379,-4.418745040893555,-4.514713764190674,-7.706637859344482,-5.238589763641357,-3.9954349994659424,-6.007889747619629,-6.289742946624756,-5.738045692443848,-7.4497599601745605,-5.01516056060791
138,-20.603900909423828,-22.587188720703125,-18.9549617767334,-12.351499557495117,-16.9403076171875,-20.317106246948242,-10.137574195861816,-8.822846412658691,-12.49627685546875,-15.811145782470703,-14.042901992797852,-14.321995735168457,-14.439114570617676,-11.706789016723633,-18.08756446838379,-15.79794979095459
139,-13.015080451965332,-15.813628196716309,-17.10066032409668,-13.111920356750488,-13.876328468322754,-15.876081466674805,-8.332169532775879,-5.539343357086182,-1.3635306358337402,-13.775397300720215,-11.335939407348633,-10.966226577758789,-12.795172691345215,-13.069629669189453,-21.417564392089844,-8.845344543457031
140,13.278799057006836,14.442484855651855,5.648708820343018,-0.7169894576072693,1.9940319061279297,2.862884044647217,5.279027462005615,0.8312941193580627,8.838884353637695,8.105245590209961,2.371642589569092,4.872420787811279,1.2838172912597656,7.770291328430176,-11.229270935058594,5.253211498260498
141,5.535492897033691,9.551251411437988,0.867175281047821,-4.766455173492432,3.1420738697052,0.9702719449996948,-0.3982698619365692,1.2951974868774414,17.11199188232422,11.453743934631348,3.0986170768737793,7.2293572425842285,2.9123616218566895,11.492269515991211,-12.016680717468262,22.759445190429688
142,6.75745153427124,8.314988136291504,-5.355405807495117,-5.6821608543396,2.80263614654541,0.05103093013167381,-3.1225030422210693,4.514419078826904,6.691285133361816,-1.7434277534484863,-3.725132942199707,-5.249924182891846,-10.751152038574219,4.543175220489502,-27.8598690032959,16.910261154174805
143,-7.47070837020874,-3.5919859409332275,-17.228862762451172,-17.287487030029297,-9.221329689025879,-13.880053520202637,-17.339303970336914,3.588453769683838,3.327362298965454,-5.440919399261475,-3.4285895824432373,-8.57577133178711,-14.728166580200195,5.221956253051758,-29.834810256958008,26.48746109008789
144,8.356671333312988,16.558523178100586,0.7343019843101501,5.472559928894043,10.87746810913086,2.217473030090332,0.04896429181098938,22.099464416503906,-0.7384294271469116,4.214975357055664,8.138707160949707,1.72013258934021,-5.991357803344727,8.786894798278809,-19.147266387939453,39.53462600708008
145,8.356671333312988,16.558523178100586,0.7343019843101501,5.472559928894043,10.87746810913086,2.217473030090332,0.04896429181098938,22.099464416503906,-0.7384294271469116,4.214975357055664,8.138707160949707,1.72013258934021,-5.991357803344727,8.786894798278809,-19.147266387939453,39.53462600708008
146,6.1370744705200195,15.204473495483398,2.8634934425354004,-0.20542602241039276,9.998397827148438,0.8777032494544983,4.30891227722168,25.77724266052246,9.064175605773926,11.206536293029785,11.6500825881958,7.2464752197265625,-1.9291754961013794,12.325961112976074,-12.743948936462402,6.270519256591797
147,-34.57504653930664,-28.836389541625977,-34.33926773071289,-46.613433837890625,-27.343170166015625,-35.26592254638672,-33.34627151489258,-1.5589348077774048,-10.391139030456543,-20.13322639465332,-19.726116180419922,-22.696277618408203,-31.515243530273438,-18.04511833190918,-35.528804779052734,-31.627769470214844
148,-0.7229785919189453,-1.5493311882019043,-3.46268367767334,-1.1274741888046265,6.175850868225098,1.5931850671768188,-2.5388400554656982,25.24477767944336,-24.680282592773438,-22.30415153503418,-23.976821899414062,-23.141712188720703,-31.750286102294922,-24.526155471801758,-27.52284812927246,-15.444354057312012
149,26.203598022460938,26.665449142456055,28.1826171875,40.65907287597656,30.28700828552246,33.76165771484375,28.58718490600586,48.250144958496094,6.989434242248535,15.771280288696289,8.846896171569824,15.738661766052246,6.4603400230407715,9.276965141296387,13.532614707946777,5.515034198760986
150,-3.3741910457611084,-10.00888729095459,1.2382529973983765,-13.365188598632812,-10.949983596801758,4.865366458892822,1.9027860164642334,-3.606069803237915,15.375720024108887,18.075214385986328,15.488956451416016,22.463932037353516,22.097454071044922,14.14234447479248,35.410240173339844,6.522652626037598
151,-16.4017276763916,-23.481674194335938,-15.495956420898438,-24.576614379882812,-14.986520767211914,-10.619403839111328,-18.22942543029785,-27.485315322875977,-11.61803913116455,-17.988021850585938,-16.769630432128906,-14.03948974609375,-12.388121604919434,-24.994802474975586,-1.7451777458190918,-27.88428497314453
152,6.195993423461914,-3.2568089962005615,2.844630479812622,6.423344612121582,4.023022651672363,7.581512451171875,3.03200101852417,-15.28178596496582,-12.768930435180664,-12.946544647216797,-9.90896987915039,-11.197273254394531,-7.708502292633057,-23.415250778198242,3.7052218914031982,-13.277313232421875
153,7.359934329986572,-1.7252596616744995,2.6982953548431396,4.881068229675293,3.3228254318237305,4.595423221588135,8.63968276977539,-17.902114868164062,1.621212363243103,6.416147708892822,8.411569595336914,7.914932727813721,14.184473991394043,-0.8703181743621826,25.633644104003906,2.3605546951293945
154,19.27097511291504,13.615548133850098,19.149545669555664,22.849830627441406,26.420690536499023,20.491973876953125,21.142820358276367,-5.80538272857666,14.300573348999023,12.663122177124023,14.940937995910645,13.8842134475708,20.71805191040039,7.411035060882568,31.75379180908203,13.341015815734863
155,7.359934329986572,-1.7252596616744995,2.6982953548431396,4.881068229675293,3.3228254318237305,4.595423221588135,8.63968276977539,-17.902114868164062,1.621212363243103,6.416147708892822,8.411569595336914,7.914932727813721,14.184473991394043,-0.8703181743621826,25.633644104003906,2.3605546951293945
156,19.27097511291504,13.615548133850098,19.149545669555664,22.849830627441406,26.420690536499023,20.491973876953125,21.142820358276367,-5.80538272857666,14.300573348999023,12.663122177124023,14.940937995910645,13.8842134475708,20.71805191040039,7.411035060882568,31.75379180908203,13.341015815734863
157,14.073470115661621,7.039799690246582,12.522668838500977,14.105025291442871,9.04487419128418,11.24081802368164,13.997937202453613,-8.656575202941895,16.226837158203125,21.48780059814453,25.672636032104492,19.423460006713867,23.837682723999023,9.540279388427734,31.549129486083984,4.888381004333496
158,-1.9128437042236328,-4.295402526855469,-0.3160811960697174,-6.0453314781188965,-7.182868003845215,-2.1935787200927734,1.539048194885254,-21.178136825561523,1.6525863409042358,7.654580116271973,5.093932628631592,3.5630972385406494,7.243171691894531,-8.893669128417969,9.82749080657959,-23.996980667114258
159,-11.066019058227539,-12.949395179748535,-5.109966278076172,-9.48640251159668,-8.367818832397461,-10.568253517150879,-3.0699462890625,-25.220256805419922,-3.62192702293396,-0.0861780196428299,-2.8634347915649414,-2.0326735973358154,2.9656407833099365,-10.490517616271973,6.036113739013672,4.118519306182861
160,-15.009286880493164,-17.46839141845703,-14.090632438659668,-8.741056442260742,-16.58201789855957,-17.909652709960938,-13.972417831420898,-20.382850646972656,-14.403464317321777,-4.670008182525635,-6.667940616607666,-3.2803616523742676,-1.712173581123352,-0.4073658287525177,-3.7182040214538574,-8.237656593322754
161,-6.066817283630371,-6.512740135192871,-6.749980449676514,-2.0203135013580322,-5.586704730987549,-7.881852149963379,-4.9082255363464355,-12.962007522583008,-14.511877059936523,-12.802175521850586,-13.115545272827148,-10.627436637878418,-10.286420822143555,-5.757702827453613,-13.605093955993652,-24.023658752441406
162,8.055081367492676,6.112502574920654,7.085569858551025,11.761760711669922,6.819716453552246,6.755022048950195,2.6522908210754395,4.810028076171875,13.463150024414062,9.80245304107666,11.799675941467285,10.800600051879883,9.641098976135254,9.178478240966797,4.592245101928711,0.6967235207557678
163,3.628622055053711,1.4467132091522217,1.7022489309310913,4.086365222930908,-0.24421006441116333,-0.4123302698135376,-5.428524017333984,3.1576035022735596,6.813564300537109,-0.833345890045166,-2.897695302963257,-3.5196328163146973,-1.7562594413757324,1.1200103759765625,-4.1190361976623535,-5.233281135559082
164,-1.3065155744552612,-2.0591065883636475,-2.0002834796905518,0.1378055363893509,-0.44000253081321716,-2.2776541709899902,-5.3151984214782715,2.7914676666259766,5.411655426025391,-1.344275712966919,-2.4603404998779297,-3.9863924980163574,-1.6216299533843994,0.3189440667629242,-1.2157562971115112,3.3348658084869385
165,3.628622055053711,1.4467132091522217,1.7022489309310913,4.086365222930908,-0.24421006441116333,-0.4123302698135376,-5.428524017333984,3.1576035022735596,6.813564300537109,-0.833345890045166,-2.897695302963257,-3.5196328163146973,-1.7562594413757324,1.1200103759765625,-4.1190361976623535,-5.233281135559082
166,-1.3065155744552612,-2.0591065883636475,-2.0002834796905518,0.1378055363893509,-0.44000253081321716,-2.2776541709899902,-5.3151984214782715,2.7914676666259766,5.411655426025391,-1.344275712966919,-2.4603404998779297,-3.9863924980163574,-1.6216299533843994,0.3189440667629242,-1.2157562971115112,3.3348658084869385
167,-11.854533195495605,-11.830227851867676,-8.806543350219727,-8.22770881652832,-11.651274681091309,-9.376726150512695,-10.011909484863281,-3.4975569248199463,-2.4979848861694336,5.97723913192749,3.9044785499572754,4.2202019691467285,4.982230186462402,6.4118242263793945,7.490509510040283,24.322540283203125
168,-21.881654739379883,-20.2314510345459,-21.46103858947754,-20.084609985351562,-23.523685455322266,-19.310047149658203,-25.04909896850586,-21.130207061767578,-19.5584716796875,-21.06566047668457,-28.589073181152344,-24.11041259765625,-24.260608673095703,-17.7052059173584,-20.340303421020508,-23.03551483154297
169,2.658386468887329,5.0841264724731445,1.0312467813491821,-1.921593189239502,0.8736590147018433,1.085962176322937,-4.581821918487549,-5.25731897354126,-8.973356246948242,-20.86166763305664,-20.672700881958008,-21.56126594543457,-22.990108489990234,-18.019227981567383,-22.537832260131836,-37.11618423461914
170,3.949453115463257,8.143189430236816,8.730779647827148,7.177867889404297,5.200180530548096,5.6130805015563965,3.2294373512268066,4.890984535217285,4.4467926025390625,3.824293613433838,7.925129413604736,3.508427858352661,2.892014503479004,4.918566703796387,2.878693103790283,-6.83193302154541
171,-2.4409759044647217,-0.8006584048271179,0.3736121356487274,7.110444068908691,-2.4902877807617188,1.2277876138687134,-3.319427013397217,4.239992618560791,0.15578563511371613,-0.544577956199646,0.3462084233760834,-1.6824296712875366,-0.6038605570793152,1.519836664199829,4.119657039642334,2.671198844909668
172,11.571550369262695,6.931548118591309,7.926817417144775,12.167637825012207,6.984206199645996,5.629225254058838,3.653695821762085,10.496770858764648,2.316619873046875,-3.6535322666168213,1.8695093393325806,-2.3570072650909424,0.24855102598667145,-0.15216447412967682,8.775004386901855,15.038349151611328
173,-16.133243560791016,-15.895779609680176,-9.19308853149414,-9.342021942138672,-13.217679023742676,-17.57190704345703,-16.625280380249023,-8.026611328125,9.187402725219727,1.826524257659912,5.778573989868164,1.981894850730896,5.239595413208008,1.938982367515564,10.333526611328125,10.042219161987305
174,-20.822219848632812,-18.8411922454834,-18.896366119384766,-15.90953540802002,-18.931211471557617,-16.841745376586914,-18.018192291259766,-16.44133949279785,-14.088205337524414,-17.27053451538086,-17.553035736083984,-18.754297256469727,-17.317502975463867,-21.20032501220703,-17.464685440063477,-15.694839477539062
175,-10.007848739624023,-7.804811477661133,-9.225617408752441,-18.216232299804688,-10.966181755065918,-4.450723648071289,-2.334351062774658,-8.05669116973877,16.19196319580078,22.068883895874023,21.500030517578125,23.4081974029541,22.489486694335938,16.33496856689453,17.67262840270996,19.953941345214844
176,-7.657386779785156,-4.281275749206543,-7.480053424835205,-7.512759208679199,-1.1241673231124878,-6.34840202331543,-5.489854335784912,-13.133502960205078,-23.917007446289062,-16.30575180053711,-18.46776580810547,-14.136935234069824,-12.249808311462402,-11.083318710327148,-14.803939819335938,-11.642799377441406
177,17.643728256225586,17.482208251953125,18.699295043945312,19.502368927001953,26.136545181274414,17.701696395874023,23.02391242980957,11.12124252319336,0.5683646202087402,7.687655448913574,6.610081195831299,11.156421661376953,14.869966506958008,16.705766677856445,13.1965913772583,9.911491394042969
178,-7.861383438110352,-9.596989631652832,-10.445290565490723,-15.555850982666016,-9.97043514251709,-10.728184700012207,-4.085883617401123,-9.50900936126709,7.605877876281738,6.513012409210205,14.272039413452148,9.577080726623535,12.141411781311035,13.766918182373047,7.463133335113525,3.5601806640625
179,-14.107897758483887,-10.93668270111084,-14.68523120880127,-17.265644073486328,-14.157334327697754,-14.310412406921387,-13.36680793762207,-10.590144157409668,-12.777557373046875,-15.32938003540039,-5.264730453491211,-13.093372344970703,-11.977469444274902,-13.510819435119629,-17.433027267456055,-15.676583290100098
180,-7.861383438110352,-9.596989631652832,-10.445290565490723,-15.555850982666016,-9.97043514251709,-10.728184700012207,-4.085883617401123,-9.50900936126709,7.605877876281738,6.513012409210205,14.272039413452148,9.577080726623535,12.141411781311035,13.766918182373047,7.463133335113525,3.5601806640625
181,-14.107897758483887,-10.93668270111084,-14.68523120880127,-17.265644073486328,-14.157334327697754,-14.310412406921387,-13.36680793762207,-10.590144157409668,-12.777557373046875,-15.32938003540039,-5.264730453491211,-13.093372344970703,-11.977469444274902,-13.510819435119629,-17.433027267456055,-15.676583290100098
182,10.821455001831055,12.424389839172363,10.575301170349121,15.181009292602539,15.777697563171387,12.555215835571289,14.386119842529297,16.054080963134766,-0.000979693722911179,4.012454986572266,6.952070236206055,6.373500347137451,6.084657192230225,4.322470188140869,6.286160469055176,15.199477195739746
183,-7.684295177459717,-8.262330055236816,-10.194717407226562,-6.006906509399414,-5.752269744873047,-10.257816314697266,-7.400684833526611,0.0575973279774189,5.18355655670166,4.081863880157471,3.152043342590332,4.722548961639404,3.124814033508301,6.6624555587768555,4.517879486083984,16.660676956176758
184,-30.97776222229004,-27.267742156982422,-28.518268585205078,-28.850807189941406,-24.603515625,-28.716079711914062,-25.064950942993164,-15.389650344848633,-32.022518157958984,-25.728504180908203,-19.59404945373535,-22.459611892700195,-24.01833724975586,-18.75543212890625,-22.471126556396484,-17.624406814575195
185,0.4578750431537628,5.8068013191223145,11.019994735717773,10.899703025817871,2.2183802127838135,5.168935775756836,11.031657218933105,11.716510772705078,14.989699363708496,9.59859848022461,9.976348876953125,9.802868843078613,10.468070030212402,8.363327980041504,9.595564842224121,4.208490371704102
186,-11.146912574768066,-7.309303283691406,-8.935420989990234,-8.385713577270508,-13.37624740600586,-11.419567108154297,-11.495833396911621,-9.303329467773438,-19.15549087524414,-18.322484970092773,-19.77485466003418,-20.852048873901367,-19.69283103942871,-17.182453155517578,-18.55353546142578,-9.787004470825195
187,3.313387870788574,2.8919525146484375,3.26161789894104,6.594933986663818,4.558228969573975,0.7269253134727478,-6.307756423950195,-0.07044648379087448,-14.835169792175293,-16.379756927490234,-22.056081771850586,-20.028047561645508,-20.088472366333008,-18.498991012573242,-17.145984649658203,-9.925249099731445
188,5.1388983726501465,6.937628269195557,12.398164749145508,8.954371452331543,6.028642654418945,10.662185668945312,3.0191116333007812,9.594830513000488,19.46457862854004,17.00489616394043,9.831809997558594,12.946784019470215,12.481322288513184,12.183316230773926,14.069270133972168,9.73193073272705
189,10.782114028930664,11.017400741577148,14.726419448852539,9.128122329711914,7.740914344787598,15.176444053649902,7.934451580047607,8.97183609008789,5.172400951385498,7.600212574005127,4.4444193840026855,5.563909530639648,3.5481324195861816,4.590529918670654,6.409689426422119,6.275985240936279
190,5.1388983726501465,6.937628269195557,12.398164749145508,8.954371452331543,6.028642654418945,10.662185668945312,3.0191116333007812,9.594830513000488,19.46457862854004,17.00489616394043,9.831809997558594,12.946784019470215,12.481322288513184,12.183316230773926,14.069270133972168,9.73193073272705
191,10.782114028930664,11.017400741577148,14.726419448852539,9.128122329711914,7.740914344787598,15.176444053649902,7.934451580047607,8.97183609008789,5.172400951385498,7.600212574005127,4.4444193840026855,5.563909530639648,3.5481324195861816,4.590529918670654,6.409689426422119,6.275985240936279
192,11.248699188232422,8.322933197021484,11.363042831420898,11.244251251220703,9.077122688293457,13.942124366760254,10.17354679107666,12.599431991577148,3.5815742015838623,14.048267364501953,15.115351676940918,14.298659324645996,11.199777603149414,8.351553916931152,11.26230239868164,1.3589253425598145
193,7.573042392730713,4.730554580688477,7.0352630615234375,8.523810386657715,6.480404853820801,10.355582237243652,7.622514724731445,14.54368782043457,13.789173126220703,13.782211303710938,9.331887245178223,13.473584175109863,12.698415756225586,9.1326904296875,10.10913372039795,2.5108439922332764
194,8.316680908203125,6.341988563537598,5.063658237457275,5.760088920593262,2.0827136039733887,7.702667236328125,8.202194213867188,8.976702690124512,24.635595321655273,11.889378547668457,7.739282608032227,9.829291343688965,7.062083721160889,6.0181097984313965,9.245259284973145,12.888391494750977
195,1.8609063625335693,-3.3433730602264404,0.47543925046920776,-2.346066951751709,2.466942548751831,-2.903660774230957,1.5815894603729248,-1.3064991235733032,-0.2716273367404938,-2.1957507133483887,-2.8968958854675293,-0.901656985282898,-1.1184685230255127,-0.39964157342910767,-0.4480714797973633,2.3849411010742188
196,-11.881437301635742,-14.48518180847168,-10.674766540527344,-16.824007034301758,-8.733626365661621,-11.7001371383667,-7.080708026885986,-13.639286994934082,-5.667181968688965,1.0429270267486572,-0.6906328797340393,4.0605788230896,4.772564888000488,3.9548637866973877,4.524303436279297,-1.205445647239685
197,-0.6814469695091248,3.0990428924560547,3.934516668319702,8.009323120117188,11.101500511169434,5.344287395477295,1.915155053138733,-1.041460394859314,-19.803428649902344,-10.435646057128906,-5.189127445220947,-5.870844841003418,-2.6142709255218506,-6.414253234863281,-3.121105194091797,9.178553581237793
198,3.5120532512664795,7.32943868637085,2.7355399131774902,10.006786346435547,0.40794724225997925,0.4040076434612274,-2.069139003753662,0.9630342721939087,7.817554473876953,2.0171315670013428,3.075878143310547,3.058732509613037,6.691911220550537,3.6055030822753906,3.9460854530334473,5.3618364334106445
199,8.722652435302734,12.422614097595215,8.66499137878418,10.404841423034668,3.2396080493927,3.4465842247009277,2.830592155456543,3.2357382774353027,12.108256340026855,5.173969745635986,4.160984039306641,2.9960713386535645,5.673367977142334,4.282500743865967,4.941747188568115,-3.23862624168396
200,3.5120532512664795,7.32943868637085,2.7355399131774902,10.006786346435547,0.40794724225997925,0.4040076434612274,-2.069139003753662,0.9630342721939087,7.817554473876953,2.0171315670013428,3.075878143310547,3.058732509613037,6.691911220550537,3.6055030822753906,3.9460854530334473,5.3618364334106445
201,8.722652435302734,12.422614097595215,8.66499137878418,10.404841423034668,3.2396080493927,3.4465842247009277,2.830592155456543,3.2357382774353027,12.108256340026855,5.173969745635986,4.160984039306641,2.9960713386535645,5.673367977142334,4.282500743865967,4.941747188568115,-3.23862624168396
202,52.691654205322266,54.99967956542969,52.459373474121094,55.853153228759766,53.0014533996582,49.550018310546875,45.827152252197266,39.659339904785156,19.91132164001465,26.080455780029297,26.219192504882812,23.705123901367188,26.180952072143555,27.11196517944336,30.37423324584961,37.720619201660156
203,19.97593879699707,23.60129165649414,24.0433292388916,24.867277145385742,21.859373092651367,23.258100509643555,26.80625343322754,22.744789123535156,43.194427490234375,38.99122619628906,34.28441619873047,35.822471618652344,37.771949768066406,44.12815856933594,40.943626403808594,32.79481506347656
204,-29.923200607299805,-24.981412887573242,-27.536117553710938,-30.660680770874023,-34.02750778198242,-28.440805435180664,-25.453317642211914,-22.41992950439453,1.7424136400222778,-4.850754261016846,-9.972559928894043,-10.553444862365723,-10.407458305358887,-4.350645542144775,-6.577853679656982,-23.13096046447754
205,-26.475643157958984,-21.387529373168945,-24.127965927124023,-25.757266998291016,-22.90223503112793,-24.103694915771484,-24.234487533569336,-15.004667282104492,-10.280113220214844,-17.51784896850586,-15.15344524383545,-19.225515365600586,-18.567068099975586,-14.713410377502441,-16.225658416748047,-5.731511116027832
206,-41.30954360961914,-39.58126449584961,-41.86541748046875,-30.073270797729492,-37.24602127075195,-43.66175079345703,-43.00308609008789,-35.063026428222656,-31.93913459777832,-35.30232620239258,-35.3967170715332,-34.89959716796875,-32.985084533691406,-32.728424072265625,-29.353166580200195,-34.50278854370117
207,-11.329014778137207,-9.96099853515625,-15.866122245788574,-8.658210754394531,-7.801834583282471,-14.059884071350098,-11.550405502319336,-11.070935249328613,-18.753835678100586,-26.718799591064453,-24.358076095581055,-23.40741539001465,-21.796157836914062,-27.176626205444336,-19.816078186035156,-16.72762680053711
208,4.786981105804443,7.191433906555176,3.1281485557556152,0.9380655884742737,6.628235816955566,5.54956579208374,5.9198689460754395,0.6520947217941284,-7.694030284881592,-4.549899101257324,1.7649692296981812,-0.5449548363685608,-0.7546507120132446,-2.548293352127075,0.3872416317462921,11.944466590881348
209,7.168886661529541,9.357831954956055,9.992525100708008,7.109493732452393,5.001985549926758,8.164810180664062,3.7383835315704346,-1.2225533723831177,10.042197227478027,5.877596855163574,9.890125274658203,9.003717422485352,9.39692211151123,8.98228931427002,9.196500778198242,2.13037371635437
210,4.786981105804443,7.191433906555176,3.1281485557556152,0.9380655884742737,6.628235816955566,5.54956579208374,5.9198689460754395,0.6520947217941284,-7.694030284881592,-4.549899101257324,1.7649692296981812,-0.5449548363685608,-0.7546507120132446,-2.548293352127075,0.3872416317462921,11.944466590881348
211,7.168886661529541,9.357831954956055,9.992525100708008,7.109493732452393,5.001985549926758,8.164810180664062,3.7383835315704346,-1.2225533723831177,10.042197227478027,5.877596855163574,9.890125274658203,9.003717422485352,9.39692211151123,8.98228931427002,9.196500778198242,2.13037371635437
212,11.86404037475586,8.245122909545898,8.323296546936035,6.883656024932861,9.632705688476562,8.681903839111328,1.986753225326538,-0.1497625708580017,23.199031829833984,8.552103042602539,11.153290748596191,9.825997352600098,9.436680793762207,4.865283012390137,3.3889427185058594,-0.6968444585800171
213,-4.191946983337402,-9.601601600646973,-5.726585865020752,-5.651227951049805,-6.3612284660339355,-4.210209846496582,-9.167102813720703,-8.130349159240723,-11.387627601623535,6.391646862030029,9.989959716796875,6.823027610778809,4.994204044342041,2.6091701984405518,1.6073391437530518,5.17461633682251
214,17.81235122680664,15.820966720581055,19.222381591796875,19.403865814208984,15.94287109375,22.671937942504883,12.645451545715332,13.147239685058594,-10.31286907196045,1.3957473039627075,-0.047912754118442535,2.5231566429138184,0.4787566065788269,-0.022700484842061996,-2.004734516143799,-5.238678932189941
215,-9.747447967529297,-9.831751823425293,-6.266506195068359,-1.085146188735962,-7.818559646606445,-6.590646266937256,-7.632003307342529,0.005560761783272028,-12.180562019348145,-17.983802795410156,-20.930370330810547,-15.665384292602539,-12.699932098388672,-9.416135787963867,-16.246126174926758,-17.4699649810791
216,4.189084053039551,3.958621025085449,6.114086151123047,5.245057106018066,3.852813482284546,8.286450386047363,8.71107292175293,7.3252434730529785,8.285054206848145,2.7381033897399902,1.6192028522491455,2.806805372238159,5.159399032592773,6.684850215911865,2.0985212326049805,13.338067054748535
217,-18.888090133666992,-18.969467163085938,-14.515829086303711,-25.795387268066406,-23.657514572143555,-11.708370208740234,-11.362058639526367,-9.518501281738281,-3.514512300491333,-4.390059471130371,-4.435471057891846,-6.390316486358643,-5.320939540863037,0.9310673475265503,-6.7130351066589355,5.498753070831299
218,-18.282917022705078,-22.48697280883789,-19.46830940246582,-27.65460205078125,-24.65322494506836,-16.604328155517578,-23.808839797973633,-19.26234245300293,-28.10912322998047,-30.683120727539062,-26.11703109741211,-29.66862678527832,-31.309024810791016,-31.435077667236328,-33.57176208496094,-43.43163299560547
219,1.685960292816162,-0.4971012771129608,-3.259436845779419,-1.6821850538253784,-6.509425163269043,-2.207449436187744,-3.184248447418213,-4.946089267730713,-14.90782642364502,-13.645308494567871,-7.856048583984375,-8.410219192504883,-9.993191719055176,-17.14690399169922,-13.970416069030762,-21.078907012939453
220,1.685960292816162,-0.4971012771129608,-3.259436845779419,-1.6821850538253784,-6.509425163269043,-2.207449436187744,-3.184248447418213,-4.946089267730713,-14.90782642364502,-13.645308494567871,-7.856048583984375,-8.410219192504883,-9.993191719055176,-17.14690399169922,-13.970416069030762,-21.078907012939453
221,10.6442232131958,10.52273178100586,8.904465675354004,12.964224815368652,7.5067219734191895,7.364007472991943,7.170682907104492,5.952178478240967,0.9789561033248901,2.4938199520111084,2.956251621246338,6.416293144226074,5.562012672424316,2.459082841873169,0.1116446852684021,2.747464895248413
222,16.901622772216797,15.81809139251709,17.94693946838379,18.41200065612793,21.61577033996582,21.032621383666992,14.634016036987305,16.680110931396484,17.50557518005371,23.033554077148438,20.381019592285156,23.336441040039062,23.09440803527832,25.131298065185547,20.208152770996094,16.442052841186523
223,-7.752917289733887,-5.074717044830322,-6.212430477142334,-11.253246307373047,-1.5937209129333496,-1.336622714996338,-1.6995171308517456,2.5807266235351562,4.179832458496094,13.940871238708496,11.394078254699707,13.99799633026123,15.276278495788574,15.50396728515625,16.365705490112305,22.304561614990234
224,18.921165466308594,16.22016143798828,8.524361610412598,3.919229745864868,11.703094482421875,10.52137279510498,9.384256362915039,10.706521034240723,9.701685905456543,-0.18936048448085785,0.07426062971353531,0.40647315979003906,1.7175990343093872,-0.8819391131401062,4.33867883682251,5.918671607971191
225,19.714719772338867,20.623430252075195,17.306720733642578,12.304326057434082,16.142663955688477,17.71674919128418,15.494315147399902,16.34373664855957,36.09471130371094,24.910259246826172,25.62385368347168,22.433208465576172,24.237516403198242,23.883665084838867,27.129985809326172,16.759014129638672
226,-9.487844467163086,-4.473503589630127,-5.530587196350098,-9.54535961151123,-3.672983169555664,-5.520370006561279,-1.3017494678497314,-6.735791206359863,-0.6921682357788086,5.228148937225342,6.3004536628723145,1.9293100833892822,4.326682090759277,4.867001533508301,11.181295394897461,11.224945068359375
227,10.942967414855957,6.764583110809326,3.2664623260498047,2.4145872592926025,3.0990734100341797,2.885350227355957,15.784185409545898,-1.8150280714035034,-9.323713302612305,-4.1912360191345215,-1.3978439569473267,-6.321459770202637,-6.000840187072754,-5.032105445861816,0.8675539493560791,-6.627779006958008
228,-8.989242553710938,-10.760076522827148,-16.124317169189453,-16.029146194458008,-12.935029983520508,-15.985271453857422,-2.7809619903564453,-13.920663833618164,2.1235764026641846,2.7042157649993896,2.343364953994751,1.0153400897979736,0.48805996775627136,3.9308996200561523,4.765398025512695,2.8971681594848633
229,-0.8383809924125671,2.047797679901123,-1.4636510610580444,-2.0389163494110107,4.511801719665527,-5.566955089569092,-0.7275160551071167,-4.865440845489502,-2.118134021759033,-8.385677337646484,-11.133447647094727,-11.063172340393066,-10.425541877746582,-9.104469299316406,-6.089635372161865,-3.272268772125244
230,0.11650830507278442,2.683917284011841,1.5550910234451294,-2.5450656414031982,0.7933694124221802,0.2702575623989105,-0.7725090980529785,-4.039817810058594,-3.8633460998535156,-4.8929362297058105,7.4466142654418945,0.2998735010623932,0.02518344484269619,-0.4379768669605255,-5.952455520629883,0.9234800934791565
231,-11.253702163696289,-16.461942672729492,-12.177963256835938,-17.959951400756836,-17.01488494873047,-17.86780548095703,-15.618300437927246,-21.14299964904785,-8.148195266723633,-12.560929298400879,-8.960799217224121,-11.512460708618164,-11.608695983886719,-9.991422653198242,-22.993038177490234,-19.527544021606445
232,9.917104721069336,10.611000061035156,11.760022163391113,5.273309707641602,5.417979717254639,4.769436836242676,3.2593860626220703,0.4030703008174896,-11.866722106933594,-6.2369513511657715,-12.108321189880371,-6.6731085777282715,-5.741218566894531,-0.7350621223449707,-18.699169158935547,5.429349899291992
233,4.810597896575928,16.63323974609375,12.973104476928711,7.067409992218018,3.9599292278289795,8.783106803894043,7.248381614685059,14.223518371582031,11.984098434448242,10.253111839294434,5.216910362243652,8.687485694885254,7.050966739654541,14.903576850891113,-12.91257381439209,34.13549041748047
234,-22.32331657409668,-14.575979232788086,-23.068571090698242,-21.340272903442383,-23.477243423461914,-23.980241775512695,-23.348215103149414,-7.6836724281311035,-10.250686645507812,-11.98471450805664,-16.295801162719727,-18.686973571777344,-22.41592025756836,-0.46849289536476135,-42.109493255615234,9.064891815185547
235,4.810597896575928,16.63323974609375,12.973104476928711,7.067409992218018,3.9599292278289795,8.783106803894043,7.248381614685059,14.223518371582031,11.984098434448242,10.253111839294434,5.216910362243652,8.687485694885254,7.050966739654541,14.903576850891113,-12.91257381439209,34.13549041748047
236,-22.32331657409668,-14.575979232788086,-23.068571090698242,-21.340272903442383,-23.477243423461914,-23.980241775512695,-23.348215103149414,-7.6836724281311035,-10.250686645507812,-11.98471450805664,-16.295801162719727,-18.686973571777344,-22.41592025756836,-0.46849289536476135,-42.109493255615234,9.064891815185547
237,-7.624422550201416,0.019094064831733704,-13.364537239074707,-6.471553802490234,-4.857336044311523,-15.075916290283203,-13.323413848876953,7.1841583251953125,-16.059574127197266,-16.745149612426758,-23.504737854003906,-25.09837532043457,-29.912099838256836,-1.82095468044281,-42.72818374633789,-5.943144798278809
238,-15.556020736694336,-8.23338794708252,-17.131458282470703,-13.06473159790039,-8.77782917022705,-20.27275848388672,-14.108648300170898,11.7752046585083,0.36800745129585266,-9.297571182250977,-14.063570976257324,-15.198488235473633,-23.510360717773438,0.9165558218955994,-36.7248420715332,5.789567470550537
239,-22.20449447631836,-19.10271453857422,-26.95805549621582,-26.008535385131836,-20.995393753051758,-27.495519638061523,-24.426658630371094,5.970772743225098,-22.104225158691406,-25.62339973449707,-19.105262756347656,-25.874004364013672,-37.36275100708008,-16.076339721679688,-48.92808151245117,-4.979896068572998
240,-15.556020736694336,-8.23338794708252,-17.131458282470703,-13.06473159790039,-8.77782917022705,-20.27275848388672,-14.108648300170898,11.7752046585083,0.36800745129585266,-9.297571182250977,-14.063570976257324,-15.198488235473633,-23.510360717773438,0.9165558218955994,-36.7248420715332,5.789567470550537
241,-22.20449447631836,-19.10271453857422,-26.95805549621582,-26.008535385131836,-20.995393753051758,-27.495519638061523,-24.426658630371094,5.970772743225098,-22.104225158691406,-25.62339973449707,-19.105262756347656,-25.874004364013672,-37.36275100708008,-16.076339721679688,-48.92808151245117,-4.979896068572998
242,8.089228630065918,7.315001487731934,-2.0539498329162598,-1.307632565498352,6.626481533050537,-2.249993324279785,1.8109115362167358,25.863224029541016,-16.64401626586914,-16.241588592529297,-9.445552825927734,-12.90023422241211,-25.067012786865234,-12.5139799118042,-32.91786575317383,-12.338671684265137
243,19.819446563720703,18.01762580871582,12.38672161102295,12.449904441833496,21.846723556518555,14.062576293945312,14.793105125427246,30.001882553100586,11.606961250305176,7.862661838531494,8.426050186157227,11.343881607055664,1.10007643699646,7.651818752288818,-4.793123245239258,7.042402267456055
244,7.711030960083008,6.480722427368164,7.366715431213379,0.9710755944252014,10.814925193786621,16.429386138916016,8.655790328979492,23.322141647338867,22.62116813659668,23.286556243896484,24.43214988708496,28.4675235748291,19.525903701782227,19.203096389770508,17.04644012451172,17.965442657470703
245,-11.15557861328125,-18.193021774291992,-13.2638578414917,-16.589540481567383,-10.462592124938965,-1.4061579704284668,-7.065639495849609,-9.77381420135498,-2.413882255554199,-1.1376314163208008,-7.678289890289307,-1.5803426504135132,-6.143437385559082,-16.110673904418945,7.378810882568359,-9.75163459777832
246,15.13813304901123,10.797818183898926,17.393524169921875,14.075223922729492,16.624338150024414,27.55038070678711,21.389263153076172,10.858949661254883,5.60856819152832,12.38702392578125,7.015580654144287,9.528979301452637,9.133068084716797,-1.4860246181488037,25.321979522705078,5.928603649139404
247,-13.557393074035645,-18.129758834838867,-9.062397956848145,-12.355459213256836,-13.221111297607422,-5.33012056350708,-4.587992191314697,-16.539663314819336,-13.068682670593262,-9.33719539642334,-10.305095672607422,-8.021262168884277,-4.359780311584473,-12.233832359313965,11.414985656738281,-4.7438483238220215
248,-15.681236267089844,-21.545921325683594,-11.093924522399902,-14.068685531616211,-13.991863250732422,-13.235455513000488,-9.834433555603027,-26.743894577026367,-0.7928464412689209,-9.008458137512207,-11.946258544921875,-8.051021575927734,-2.9579696655273438,-13.896289825439453,12.818671226501465,-5.19651460647583
249,-12.62691593170166,-12.056777954101562,-4.565558433532715,-0.6533146500587463,-7.142969131469727,-7.846463203430176,-5.577729225158691,-27.011531829833984,-11.09147834777832,-9.368897438049316,-10.703598976135254,-10.909375190734863,-5.416713237762451,-16.615306854248047,8.877235412597656,-14.877161979675293
250,-15.681236267089844,-21.545921325683594,-11.093924522399902,-14.068685531616211,-13.991863250732422,-13.235455513000488,-9.834433555603027,-26.743894577026367,-0.7928464412689209,-9.008458137512207,-11.946258544921875,-8.051021575927734,-2.9579696655273438,-13.896289825439453,12.818671226501465,-5.19651460647583
251,-12.62691593170166,-12.056777954101562,-4.565558433532715,-0.6533146500587463,-7.142969131469727,-7.846463203430176,-5.577729225158691,-27.011531829833984,-11.09147834777832,-9.368897438049316,-10.703598976135254,-10.909375190734863,-5.416713237762451,-16.615306854248047,8.877235412597656,-14.877161979675293
252,-35.07036209106445,-34.58130645751953,-28.1197566986084,-24.085800170898438,-32.150238037109375,-31.919614791870117,-30.560136795043945,-45.67372512817383,-37.5623779296875,-35.665130615234375,-26.9508113861084,-36.40887451171875,-29.51296615600586,-36.27372741699219,-20.688674926757812,-48.537376403808594
253,-23.22626495361328,-25.267284393310547,-17.396772384643555,-20.09317970275879,-22.162437438964844,-21.76753044128418,-21.589828491210938,-34.28528594970703,-23.50311279296875,-22.286420822143555,-18.494436264038086,-23.65660858154297,-15.808951377868652,-22.06346893310547,-9.596272468566895,-40.31903076171875
254,7.445200443267822,4.408931255340576,5.620288372039795,6.863497257232666,2.622870922088623,2.777780532836914,5.135526657104492,-15.166228294372559,-12.449800491333008,-6.112646102905273,-5.335283279418945,-7.092891693115234,-0.2843630611896515,-9.36854076385498,6.783515453338623,-18.316627502441406
255,-2.126891851425171,-2.7146966457366943,-0.2214641571044922,-0.44242244958877563,-2.595109224319458,-2.051328659057617,-3.062514305114746,-13.991786003112793,-4.797725200653076,3.369114875793457,7.541036128997803,2.7242133617401123,3.8488566875457764,0.4743272066116333,8.268244743347168,-3.6558737754821777
256,28.246421813964844,24.153703689575195,25.56287384033203,31.556955337524414,27.895771026611328,25.1949462890625,21.189613342285156,8.19583511352539,13.091636657714844,16.725711822509766,18.34806251525879,17.669754028320312,19.050975799560547,10.71727466583252,18.192237854003906,23.47277069091797
257,35.91919708251953,27.736539840698242,28.757287979125977,32.53543472290039,32.01565170288086,30.975526809692383,28.961950302124023,18.84724998474121,46.83220291137695,28.825929641723633,33.68113708496094,31.840648651123047,36.012901306152344,32.03844451904297,35.122501373291016,44.879600524902344
258,6.763176441192627,1.909245491027832,7.860581874847412,6.363600254058838,7.204085826873779,7.572849273681641,10.252312660217285,1.92444908618927,19.53366470336914,15.703714370727539,19.759469985961914,19.044034957885742,22.691770553588867,23.740020751953125,21.713895797729492,13.950791358947754
259,-3.980058193206787,-3.652179718017578,0.48440319299697876,-0.07393983006477356,1.2056130170822144,-0.1706220507621765,4.128594875335693,-8.294044494628906,-1.1368176937103271,6.838015556335449,6.277207851409912,9.674467086791992,14.1790132522583,12.34880542755127,12.414660453796387,5.339776515960693
260,35.91919708251953,27.736539840698242,28.757287979125977,32.53543472290039,32.01565170288086,30.975526809692383,28.961950302124023,18.84724998474121,46.83220291137695,28.825929641723633,33.68113708496094,31.840648651123047,36.012901306152344,32.03844451904297,35.122501373291016,44.879600524902344
261,6.763176441192627,1.909245491027832,7.860581874847412,6.363600254058838,7.204085826873779,7.572849273681641,10.252312660217285,1.92444908618927,19.53366470336914,15.703714370727539,19.759469985961914,19.044034957885742,22.691770553588867,23.740020751953125,21.713895797729492,13.950791358947754
262,-3.980058193206787,-3.652179718017578,0.48440319299697876,-0.07393983006477356,1.2056130170822144,-0.1706220507621765,4.128594875335693,-8.294044494628906,-1.1368176937103271,6.838015556335449,6.277207851409912,9.674467086791992,14.1790132522583,12.34880542755127,12.414660453796387,5.339776515960693
263,5.677836894989014,7.135677337646484,8.52383804321289,9.927447319030762,9.292060852050781,9.412920951843262,13.680068969726562,1.1451716423034668,-0.29754629731178284,2.959930181503296,1.4716012477874756,5.176029682159424,8.126845359802246,5.85772180557251,5.0079264640808105,-4.755455017089844
264,8.831790924072266,7.8719987869262695,12.509143829345703,17.008060455322266,9.726672172546387,8.998918533325195,9.801444053649902,3.9757397174835205,2.6232035160064697,4.4123334884643555,0.02521730214357376,3.657891035079956,3.875338077545166,2.989107370376587,0.7458125352859497,-2.047191619873047
265,-2.2068817615509033,2.7134549617767334,3.6647138595581055,6.661194801330566,6.6017937660217285,-1.8052647113800049,3.8610734939575195,1.2452807426452637,2.0581953525543213,1.462976098060608,-4.209651947021484,-3.0866291522979736,-0.8035062551498413,0.9585710167884827,-0.6247336268424988,5.403682708740234
266,-2.8746089935302734,-0.5453276634216309,-0.5585153102874756,1.4114495515823364,-7.176268100738525,-1.26292884349823,4.388247966766357,6.265779972076416,13.974446296691895,4.116703987121582,-2.727140426635742,1.0049418210983276,3.9650542736053467,4.410071849822998,1.709621787071228,-0.75865638256073
267,-11.499588012695312,-16.569595336914062,-11.168486595153809,-5.857950687408447,-20.393539428710938,-11.801216125488281,-13.855844497680664,-4.9495439529418945,-2.885366439819336,-3.060668706893921,-8.603628158569336,-4.020892143249512,-4.531900405883789,-3.9262611865997314,-6.433547496795654,-16.385419845581055
268,-21.025775909423828,-25.78533935546875,-19.767690658569336,-13.55932331085205,-26.967679977416992,-26.425981521606445,-28.76515007019043,-16.548961639404297,-13.856515884399414,-22.44930648803711,-29.819381713867188,-24.762371063232422,-29.220605850219727,-29.4771785736084,-28.530662536621094,-28.713592529296875
269,0.19228889048099518,2.106658458709717,0.9100332856178284,14.717463493347168,6.734694957733154,-0.9903537034988403,-3.905608892440796,6.485044002532959,-12.826943397521973,-14.663280487060547,-18.73986053466797,-16.506675720214844,-19.422941207885742,-18.879262924194336,-11.955171585083008,-7.089789390563965
270,0.19228889048099518,2.106658458709717,0.9100332856178284,14.717463493347168,6.734694957733154,-0.9903537034988403,-3.905608892440796,6.485044002532959,-12.826943397521973,-14.663280487060547,-18.73986053466797,-16.506675720214844,-19.422941207885742,-18.879262924194336,-11.955171585083008,-7.089789390563965
271,13.256386756896973,10.948447227478027,13.965873718261719,20.76194190979004,23.00206756591797,12.561665534973145,13.467985153198242,20.79157066345215,6.019423484802246,15.89743423461914,17.468944549560547,18.121627807617188,19.58839988708496,19.875337600708008,25.681535720825195,22.436336517333984
272,-10.237882614135742,-13.421844482421875,-9.474953651428223,-11.965279579162598,-11.584451675415039,-12.503765106201172,-12.428642272949219,-4.333656311035156,3.8731038570404053,3.571316957473755,7.9970011711120605,6.762670516967773,7.96002197265625,2.4968068599700928,5.695391654968262,-1.7029060125350952
273,4.973378658294678,4.28834342956543,2.4670355319976807,-0.14529120922088623,-1.910804271697998,0.9473199248313904,-3.95288348197937,0.22747237980365753,-13.869409561157227,-9.008986473083496,-8.117022514343262,-6.1597514152526855,-4.9523210525512695,-14.6359281539917,-7.831197261810303,-22.76388931274414
274,13.244102478027344,9.782020568847656,11.538117408752441,0.5588129162788391,2.585379123687744,8.05178451538086,4.693260669708252,2.7451589107513428,7.191123008728027,9.111266136169434,9.481925010681152,10.488199234008789,13.18714427947998,9.550357818603516,9.268014907836914,-7.028302192687988
275,-10.991153717041016,-6.480841159820557,-9.219564437866211,-22.6561222076416,-12.967817306518555,-7.3437910079956055,-7.710627555847168,-18.32575035095215,-6.46625280380249,-2.668910264968872,2.8388848304748535,0.48557165265083313,1.2115261554718018,-3.732203245162964,-1.1695274114608765,3.981858253479004
276,-5.0735931396484375,-2.476712703704834,-7.080224990844727,-9.088361740112305,-2.6988890171051025,-2.1319642066955566,-1.87069571018219,-11.824506759643555,-8.642184257507324,-10.492829322814941,-5.541301250457764,-7.3290605545043945,-5.623742580413818,-11.086316108703613,-8.603038787841797,-3.0652992725372314
277,-0.20088614523410797,3.5381128787994385,-1.755722999572754,-4.122437953948975,-0.7087545394897461,2.4514570236206055,7.706729412078857,-3.0588300228118896,-9.563193321228027,2.1386895179748535,8.644339561462402,4.560184478759766,7.640389442443848,3.6360714435577393,4.8041276931762695,5.308989524841309
278,8.002714157104492,9.727229118347168,4.1904425621032715,3.325120687484741,4.216949462890625,7.968830108642578,8.246603965759277,2.438667058944702,4.646259784698486,2.5582430362701416,9.749707221984863,2.8584258556365967,3.8256595134735107,3.724318265914917,1.6413606405258179,-2.1365931034088135
279,6.491848468780518,9.155416488647461,5.176430702209473,6.573426723480225,6.2759175300598145,7.521608352661133,8.33320140838623,1.6807938814163208,17.604541778564453,-1.252840518951416,5.561465740203857,-2.33746600151062,-2.4855692386627197,4.25159215927124,-2.3462536334991455,-9.289155960083008
280,19.520353317260742,21.57362937927246,16.142614364624023,26.041242599487305,19.810426712036133,17.91217613220215,22.750728607177734,21.82301139831543,19.24050521850586,20.486989974975586,15.888673782348633,18.14555549621582,18.62055778503418,19.742733001708984,20.39369773864746,33.1369743347168
281,20.37978172302246,21.696056365966797,18.248104095458984,22.14371109008789,15.293161392211914,18.122385025024414,22.893585205078125,28.410751342773438,20.134117126464844,24.51913833618164,19.723966598510742,23.310348510742188,21.48849105834961,22.19944953918457,20.898706436157227,13.223711013793945
282,-2.4028170108795166,2.370089292526245,4.628759860992432,6.734259605407715,2.002678871154785,5.104601860046387,8.77798843383789,16.754701614379883,-11.319673538208008,2.7713820934295654,0.3175759017467499,2.695302963256836,-1.9998283386230469,-1.0876530408859253,-2.6393625736236572,-6.647070407867432
283,-5.592052936553955,-6.90532922744751,-4.182651042938232,1.3340280055999756,-4.536882400512695,-4.417046070098877,-1.092009425163269,8.072383880615234,-6.879055023193359,-1.9179526567459106,-4.574046611785889,-1.650878667831421,-4.886880874633789,-1.405931830406189,-5.078867435455322,4.990445137023926
284,11.590473175048828,9.312320709228516,10.661529541015625,14.247415542602539,9.601215362548828,7.654366493225098,6.016275405883789,13.403883934020996,4.3652448654174805,9.756522178649902,4.560084819793701,9.332938194274902,9.922714233398438,14.26267147064209,8.12459659576416,14.065028190612793
285,11.590473175048828,9.312320709228516,10.661529541015625,14.247415542602539,9.601215362548828,7.654366493225098,6.016275405883789,13.403883934020996,4.3652448654174805,9.756522178649902,4.560084819793701,9.332938194274902,9.922714233398438,14.26267147064209,8.12459659576416,14.065028190612793
286,3.6846516132354736,5.9640631675720215,8.46320629119873,7.382811546325684,7.875687122344971,8.462940216064453,5.252127647399902,8.185222625732422,17.73996353149414,16.2491512298584,10.997726440429688,15.015050888061523,16.33319664001465,18.209692001342773,17.993520736694336,14.901843070983887
287,-12.123568534851074,-15.20245361328125,-17.454158782958984,-17.680418014526367,-17.156341552734375,-12.597004890441895,-16.96465301513672,-14.052680015563965,0.2572578489780426,-7.143407344818115,-9.491252899169922,-8.981969833374023,-9.263425827026367,-11.416895866394043,-6.420624256134033,-14.4640474319458
288,2.9395463466644287,-1.2195569276809692,-2.107966184616089,-0.6547451615333557,0.25807303190231323,0.4811146557331085,-6.728760242462158,-1.8000365495681763,-6.353968143463135,-7.6551032066345215,-11.64870548248291,-10.79990291595459,-10.373502731323242,-14.874938011169434,-11.59967041015625,-28.360681533813477
289,12.819816589355469,10.138242721557617,13.20075511932373,15.893878936767578,20.37639617919922,14.155364036560059,9.14240550994873,15.160078048706055,12.162839889526367,14.611675262451172,9.489272117614746,13.411033630371094,15.604108810424805,12.59118938446045,14.91151237487793,4.672338485717773
290,-32.29091262817383,-38.699405670166016,-35.54383850097656,-36.753501892089844,-39.537139892578125,-37.1400260925293,-32.898468017578125,-37.616432189941406,-32.916603088378906,-34.71403121948242,-35.04111099243164,-33.85495376586914,-33.442989349365234,-31.023841857910156,-35.125816345214844,-41.14197540283203
291,-19.443042755126953,-22.644107818603516,-25.695159912109375,-24.013206481933594,-26.40715980529785,-24.51255989074707,-22.639394760131836,-30.301530838012695,-15.682759284973145,-22.194046020507812,-25.02951431274414,-24.172090530395508,-25.71967315673828,-28.240753173828125,-25.65336036682129,-22.932668685913086
292,17.53346061706543,16.983442306518555,14.019845008850098,21.388002395629883,16.661121368408203,16.987762451171875,17.591766357421875,4.675990581512451,-3.4466936588287354,-1.3846684694290161,-3.9630119800567627,-2.287034273147583,-4.642748832702637,-11.985833168029785,-4.780941963195801,-22.268556594848633
293,30.19652557373047,28.301401138305664,27.853986740112305,31.168275833129883,32.184356689453125,29.47039222717285,29.9633846282959,19.8007869720459,37.72684860229492,35.090232849121094,26.862436294555664,34.33350372314453,34.679237365722656,24.753135681152344,33.54805374145508,37.28841781616211
294,5.077359199523926,3.564732074737549,5.811820983886719,1.071211814880371,5.073240280151367,0.691497266292572,3.3116886615753174,3.1098175048828125,29.617427825927734,27.23345947265625,21.99263572692871,28.475074768066406,29.957141876220703,22.532024383544922,30.421661376953125,55.8851432800293
295,30.19652557373047,28.301401138305664,27.853986740112305,31.168275833129883,32.184356689453125,29.47039222717285,29.9633846282959,19.8007869720459,37.72684860229492,35.090232849121094,26.862436294555664,34.33350372314453,34.679237365722656,24.753135681152344,33.54805374145508,37.28841781616211
296,5.077359199523926,3.564732074737549,5.811820983886719,1.071211814880371,5.073240280151367,0.691497266292572,3.3116886615753174,3.1098175048828125,29.617427825927734,27.23345947265625,21.99263572692871,28.475074768066406,29.957141876220703,22.532024383544922,30.421661376953125,55.8851432800293
297,-2.946697473526001,-3.637517213821411,-1.5596314668655396,-5.68938684463501,-6.269601345062256,-5.703819751739502,-3.8855700492858887,-3.624253749847412,-6.52011775970459,-4.122014999389648,-3.4475650787353516,-4.082010746002197,-4.146286487579346,-4.148296356201172,-3.3815250396728516,-5.820637226104736
298,4.231998920440674,9.976547241210938,9.476192474365234,8.986835479736328,6.863865852355957,13.582868576049805,9.9696626663208,9.240080833435059,3.1990413665771484,1.895146131515503,3.6521167755126953,-0.8817137479782104,-1.7641736268997192,3.4587392807006836,-1.1984443664550781,-10.83304214477539
299,17.86323356628418,23.32610511779785,18.625537872314453,18.465248107910156,17.62391471862793,20.73370361328125,18.65288734436035,19.45832061767578,2.305572032928467,11.739424705505371,15.000718116760254,11.209634780883789,11.536166191101074,13.992789268493652,13.261970520019531,0.45725321769714355
300,-8.091516494750977,-7.307558536529541,-5.218398571014404,-9.417386054992676,-8.58902359008789,-5.952317237854004,-4.624737739562988,-4.108055114746094,6.655782699584961,-2.3901140689849854,6.966338634490967,-1.160818338394165,-1.2135776281356812,9.48882007598877,2.4448928833007812,7.006350040435791
301,7.111876964569092,8.954584121704102,8.392431259155273,11.3319673538208,8.52439022064209,7.060520648956299,5.756076335906982,5.806723594665527,-14.107573509216309,-14.539084434509277,-8.137869834899902,-12.82429313659668,-12.092035293579102,-5.6385087966918945,-8.892546653747559,-4.877533912658691
302,-2.0792396068573,-0.14012734591960907,-1.1141626834869385,-0.710095226764679,-2.634659767150879,-1.875969648361206,-1.7778081893920898,0.09305491298437119,13.360626220703125,3.1718223094940186,4.267019271850586,2.547358512878418,4.5622782707214355,7.365281581878662,5.64984130859375,6.101220607757568
303,-18.102598190307617,-14.36832332611084,-16.11514663696289,-14.542293548583984,-15.185999870300293,-16.227684020996094,-12.140268325805664,-11.340445518493652,-7.912973880767822,-6.9021806716918945,-3.5671446323394775,-6.012655735015869,-4.469960689544678,0.008073980920016766,-2.6777052879333496,-8.515902519226074
304,-4.653604507446289,-2.7382991313934326,-4.7042951583862305,0.8198025226593018,0.32908886671066284,-5.985570907592773,-3.9424848556518555,-2.8680083751678467,-27.190370559692383,-21.731508255004883,-19.0516357421875,-20.63154411315918,-19.05646514892578,-18.150135040283203,-17.560909271240234,-16.689661026000977
305,-4.653604507446289,-2.7382991313934326,-4.7042951583862305,0.8198025226593018,0.32908886671066284,-5.985570907592773,-3.9424848556518555,-2.8680083751678467,-27.190370559692383,-21.731508255004883,-19.0516357421875,-20.63154411315918,-19.05646514892578,-18.150135040283203,-17.560909271240234,-16.689661026000977
306,3.661364793777466,3.851778030395508,6.020663738250732,7.5506110191345215,7.775575637817383,4.597937107086182,5.8582329750061035,6.046711444854736,3.2249670028686523,3.8901519775390625,3.4506163597106934,3.558133125305176,6.5411057472229,6.0092453956604,8.43912124633789,10.788589477539062
307,1.376684546470642,5.257925033569336,8.208700180053711,6.154482841491699,4.0486650466918945,6.532811641693115,8.028190612792969,7.930892467498779,-1.5184634923934937,7.752130508422852,6.691331386566162,8.149224281311035,10.798134803771973,13.019733428955078,13.773443222045898,3.312814712524414
308,-5.337722301483154,-3.57177472114563,-4.117464065551758,-5.497413158416748,-8.331523895263672,-3.6843371391296387,-5.729095458984375,-4.966068744659424,-6.418254375457764,-7.5631256103515625,-10.835542678833008,-9.35665225982666,-9.427806854248047,-10.350711822509766,-7.0750956535339355,-13.465106010437012
309,-1.9488366842269897,-2.9677422046661377,-10.032215118408203,-10.118008613586426,-11.044490814208984,-6.416616916656494,-13.289133071899414,-10.128599166870117,14.047562599182129,-6.099331378936768,-6.891108989715576,-9.873435020446777,-10.219228744506836,-16.148693084716797,-10.916665077209473,-5.902864456176758
310,-1.181065320968628,-5.327059268951416,-5.816517353057861,-3.932950258255005,-4.892898082733154,-4.3373212814331055,-10.964598655700684,-9.956329345703125,-5.045781135559082,-8.474180221557617,-12.222517967224121,-13.030341148376465,-14.842790603637695,-17.3362979888916,-19.58366584777832,-11.454509735107422
311,21.098804473876953,17.577640533447266,16.731412887573242,14.998117446899414,14.738182067871094,18.13103675842285,9.740863800048828,8.403308868408203,9.782913208007812,7.28669548034668,7.550627708435059,6.510356903076172,5.5269775390625,-0.14954596757888794,-0.20637904107570648,5.348747253417969
312,6.378973484039307,2.657229423522949,7.927481651306152,-9.080493927001953,3.4738028049468994,6.118974685668945,3.9909913539886475,2.9079501628875732,12.49599552154541,18.47372055053711,20.60269546508789,21.265939712524414,20.20511817932129,15.80291748046875,14.519762992858887,9.47055721282959
313,-24.00410270690918,-26.290769577026367,-19.540071487426758,-32.209903717041016,-18.715177536010742,-21.513343811035156,-20.02297592163086,-18.79256248474121,-6.783498764038086,-11.647466659545898,-16.026939392089844,-7.787154674530029,-7.407355785369873,-7.064587116241455,-13.617911338806152,-11.100712776184082
314,-27.23286247253418,-28.748369216918945,-28.40610694885254,-21.395671844482422,-21.859819412231445,-28.88592529296875,-28.155080795288086,-26.080053329467773,-26.547582626342773,-28.01616096496582,-30.442230224609375,-25.81449317932129,-25.206073760986328,-26.979429244995117,-26.370210647583008,-7.18983793258667
315,-24.00410270690918,-26.290769577026367,-19.540071487426758,-32.209903717041016,-18.715177536010742,-21.513343811035156,-20.02297592163086,-18.79256248474121,-6.783498764038086,-11.647466659545898,-16.026939392089844,-7.787154674530029,-7.407355785369873,-7.064587116241455,-13.617911338806152,-11.100712776184082
316,-27.23286247253418,-28.748369216918945,-28.40610694885254,-21.395671844482422,-21.859819412231445,-28.88592529296875,-28.155080795288086,-26.080053329467773,-26.547582626342773,-28.01616096496582,-30.442230224609375,-25.81449317932129,-25.206073760986328,-26.979429244995117,-26.370210647583008,-7.18983793258667
317,-9.496245384216309,-11.879349708557129,-13.312705993652344,-8.326454162597656,-9.428060531616211,-12.127777099609375,-11.94500732421875,-14.739028930664062,-22.896167755126953,-15.712664604187012,-15.329705238342285,-14.91599178314209,-14.719372749328613,-16.253341674804688,-14.026097297668457,-17.892864227294922
318,-10.509252548217773,-10.069002151489258,-9.945741653442383,-6.624515533447266,-11.1543550491333,-10.424643516540527,-7.204927921295166,-10.50795841217041,-2.619982957839966,-6.609551429748535,-7.815971374511719,-6.802588939666748,-5.945062160491943,-2.916048049926758,-4.7491455078125,-5.479737281799316
319,-5.051698684692383,-2.9406087398529053,-8.336738586425781,-0.9877479076385498,-10.269657135009766,-7.7011284828186035,-6.598360061645508,-3.9034781455993652,-9.863428115844727,-12.197629928588867,-15.867981910705566,-14.763814926147461,-15.612107276916504,-12.030357360839844,-15.627102851867676,-14.178442001342773
320,0.3092566132545471,1.275112271308899,4.0959978103637695,6.725683689117432,3.112997531890869,2.6127912998199463,0.8215919137001038,9.4424467086792,12.329957008361816,18.342330932617188,12.337854385375977,14.481380462646484,12.556713104248047,17.092140197753906,16.769723892211914,25.892314910888672
321,4.606546401977539,10.101008415222168,9.574563026428223,12.306411743164062,8.130361557006836,12.547057151794434,4.831214427947998,11.187896728515625,-0.7869016528129578,8.346297264099121,4.690096855163574,7.630648612976074,7.6279988288879395,8.63271713256836,10.115829467773438,8.314125061035156
322,-4.97456169128418,0.41351935267448425,1.9712916612625122,0.4075685739517212,0.7890154123306274,3.7999019622802734,-5.69464111328125,-0.9368359446525574,-9.698740005493164,-1.0325199365615845,5.706700801849365,2.804324150085449,3.247936248779297,6.170215606689453,2.985245704650879,-3.2473111152648926
323,-0.7585135102272034,0.7674734592437744,4.341450214385986,-3.6523289680480957,0.9782183170318604,1.2944034337997437,0.8517352938652039,1.4539567232131958,2.724458932876587,5.17574405670166,8.2153902053833,7.8437042236328125,11.239850044250488,9.219359397888184,9.760197639465332,-10.180708885192871
324,1.7434135675430298,0.3221743702888489,1.8579832315444946,-4.294198036193848,7.504319190979004,0.5594971776008606,5.666661739349365,0.3267861604690552,10.417242050170898,0.580733060836792,4.527618885040283,3.4989655017852783,7.966060638427734,3.209102153778076,9.466169357299805,15.023585319519043
325,-0.7585135102272034,0.7674734592437744,4.341450214385986,-3.6523289680480957,0.9782183170318604,1.2944034337997437,0.8517352938652039,1.4539567232131958,2.724458932876587,5.17574405670166,8.2153902053833,7.8437042236328125,11.239850044250488,9.219359397888184,9.760197639465332,-10.180708885192871
326,1.7434135675430298,0.3221743702888489,1.8579832315444946,-4.294198036193848,7.504319190979004,0.5594971776008606,5.666661739349365,0.3267861604690552,10.417242050170898,0.580733060836792,4.527618885040283,3.4989655017852783,7.966060638427734,3.209102153778076,9.466169357299805,15.023585319519043
327,-18.837905883789062,-17.684528350830078,-20.84210777282715,-24.050296783447266,-12.934859275817871,-20.157737731933594,-15.928925514221191,-22.595401763916016,-15.514973640441895,-19.167808532714844,-12.681389808654785,-15.954490661621094,-11.36272144317627,-13.573895454406738,-7.082040786743164,11.499491691589355
328,-2.5532591342926025,-0.3968201279640198,-2.412093162536621,-1.489592432975769,-0.8518671989440918,-5.989429950714111,0.4598008096218109,-13.417166709899902,-20.051998138427734,-18.075517654418945,-11.558835983276367,-15.98133659362793,-12.13959789276123,-15.767245292663574,-8.870556831359863,-14.632669448852539
329,17.531625747680664,17.698772430419922,18.304288864135742,17.66177749633789,18.163440704345703,14.331469535827637,19.45340347290039,7.758455753326416,12.844159126281738,10.60150146484375,12.88544750213623,11.293888092041016,13.215935707092285,12.94008731842041,15.255534172058105,6.512256622314453
330,4.113377571105957,8.85702896118164,5.293288707733154,6.483144283294678,5.941600799560547,6.394211769104004,7.205552101135254,5.658896446228027,8.93234634399414,11.95784854888916,10.319334030151367,10.511322975158691,12.080541610717773,18.18050765991211,16.104389190673828,14.596921920776367
331,-8.914164543151855,-1.454300880432129,-6.261346817016602,-0.46796056628227234,-4.612173080444336,-3.764045000076294,-8.378875732421875,-1.7041971683502197,-13.141453742980957,-16.867324829101562,-15.630711555480957,-18.15970802307129,-16.45707130432129,-6.712687015533447,-12.458749771118164,-8.990181922912598
332,-2.3439412117004395,0.9775782227516174,2.3565287590026855,1.7096498012542725,-1.1428484916687012,2.7449874877929688,-1.6603472232818604,2.758122682571411,6.994117259979248,-1.2532213926315308,0.8312444090843201,-0.8404168486595154,0.09158661961555481,2.0688328742980957,0.44138625264167786,3.97701358795166
333,-16.505210876464844,-15.639805793762207,-12.884735107421875,-13.223036766052246,-16.55617332458496,-11.330273628234863,-11.475653648376465,-12.058378219604492,-8.05845832824707,-6.996760368347168,-6.873439311981201,-4.288804054260254,-2.975154161453247,-5.393996715545654,-5.966667652130127,6.032683849334717
334,-4.004774570465088,-2.904985189437866,-3.804144859313965,-0.41572481393814087,-2.030055284500122,-0.2228388637304306,-5.992831230163574,-5.177504539489746,-20.151700973510742,-17.38156509399414,-13.10593032836914,-13.730157852172852,-14.258255958557129,-15.417479515075684,-19.372434616088867,-11.886876106262207
335,-1.9465551376342773,-2.1310043334960938,-4.388038635253906,-9.584970474243164,-8.864434242248535,-9.043689727783203,-2.2389447689056396,-2.3174922466278076,13.456364631652832,6.948830604553223,1.8587886095046997,7.9923272132873535,5.113381862640381,8.95008659362793,-7.898766040802002,17.840269088745117
336,4.993076801300049,7.384278297424316,-2.4800496101379395,-3.986266851425171,-3.691899061203003,-4.148954391479492,2.7299859523773193,-0.5093638896942139,19.09614372253418,7.07150936126709,0.4612070918083191,4.238533973693848,-0.49210432171821594,8.881511688232422,-16.109994888305664,12.22060775756836
337,18.979581832885742,16.640396118164062,6.476502895355225,6.47031307220459,7.015446186065674,4.504666805267334,8.99718952178955,10.953262329101562,2.2486491203308105,8.21103572845459,6.3914313316345215,2.3388075828552246,-6.552141189575195,9.216898918151855,-28.581892013549805,-6.30269193649292
338,-2.032008647918701,-3.3904831409454346,-14.26705551147461,-16.17660140991211,-9.734099388122559,-17.761550903320312,-15.0983304977417,3.6664321422576904,6.454591751098633,0.248239204287529,-5.404420375823975,-6.772035121917725,-14.912939071655273,8.138838768005371,-37.18684005737305,8.540255546569824
339,-19.88270378112793,-11.518399238586426,-25.299219131469727,-23.812179565429688,-15.470582962036133,-32.43626022338867,-29.548065185546875,-4.1342010498046875,-2.5952346324920654,-9.663042068481445,-14.356722831726074,-18.12697410583496,-27.536828994750977,-3.835054397583008,-41.738563537597656,11.894960403442383
340,11.677154541015625,11.961503028869629,6.20822811126709,8.799264907836914,11.597248077392578,6.015766143798828,6.735589027404785,33.70393371582031,7.90103816986084,4.007850170135498,5.796072006225586,2.623117685317993,-7.801983833312988,9.272127151489258,-10.668425559997559,17.84559440612793
341,3.8093032836914062,3.422071695327759,1.6209673881530762,-0.993166983127594,2.1162304878234863,1.5691313743591309,3.478325128555298,31.056230545043945,14.634025573730469,15.440817832946777,19.54540252685547,16.155702590942383,5.227363109588623,13.279154777526855,2.2897369861602783,13.494545936584473
342,-0.8132874369621277,-0.00849834643304348,-3.316972255706787,-6.434197425842285,-1.1532069444656372,-1.5519046783447266,-1.9966654777526855,18.229045867919922,5.14685583114624,3.495819330215454,3.1487491130828857,5.389318466186523,-3.3400931358337402,-4.2765045166015625,-4.738245487213135,-12.988770484924316
343,-6.1528778076171875,-8.632709503173828,-7.4200968742370605,-12.97777271270752,-3.7146852016448975,-1.3926724195480347,-6.297208786010742,3.4560587406158447,-4.573661804199219,-3.343960762023926,-2.385161876678467,0.13823245465755463,-6.916769981384277,-14.795406341552734,-2.605844259262085,-5.719912052154541
344,-16.07302474975586,-21.984050750732422,-11.453265190124512,-17.4676456451416,-11.34302806854248,-4.883957862854004,-10.044046401977539,-8.247607231140137,-18.366050720214844,-11.573925018310547,-10.935135841369629,-8.491448402404785,-13.683772087097168,-21.0738582611084,-3.080177068710327,-6.5615434646606445
345,-16.07302474975586,-21.984050750732422,-11.453265190124512,-17.4676456451416,-11.34302806854248,-4.883957862854004,-10.044046401977539,-8.247607231140137,-18.366050720214844,-11.573925018310547,-10.935135841369629,-8.491448402404785,-13.683772087097168,-21.0738582611084,-3.080177068710327,-6.5615434646606445
346,0.14275121688842773,-7.186850547790527,3.0716357231140137,-4.129446983337402,0.3987613320350647,10.62781047821045,7.33004093170166,2.9915006160736084,-12.703001976013184,-8.283783912658691,-13.289546966552734,-5.890152931213379,-5.650172233581543,-12.128026008605957,8.653448104858398,5.095163822174072
347,7.328151226043701,-0.2654575705528259,6.644993305206299,-2.3253135681152344,1.4225751161575317,14.483329772949219,7.396492958068848,2.0579771995544434,-2.627304792404175,7.241395950317383,1.7513601779937744,10.962264060974121,13.380419731140137,0.9298111200332642,26.560461044311523,6.026369571685791
348,-12.924285888671875,-17.013153076171875,-7.810420036315918,-15.104439735412598,-11.892010688781738,-2.4554619789123535,-6.6532158851623535,-16.172285079956055,-0.29787585139274597,-2.295605182647705,-3.2999560832977295,1.268494963645935,4.8979315757751465,-9.424349784851074,17.64825439453125,-23.486330032348633
349,10.237875938415527,2.4804720878601074,7.550679683685303,6.547849655151367,12.640621185302734,12.997849464416504,15.568913459777832,-0.6643614768981934,0.03693244978785515,-4.753731727600098,-2.8020429611206055,-1.931469202041626,3.7816827297210693,-7.29966926574707,16.406570434570312,-15.502790451049805
350,6.0254902839660645,5.351367473602295,13.241402626037598,10.446260452270508,15.849611282348633,12.478014945983887,20.29505729675293,-0.6149075031280518,15.617807388305664,12.247570991516113,17.769716262817383,15.166142463684082,25.087230682373047,12.248808860778809,32.08002471923828,3.791663885116577
351,6.560859680175781,5.39794397354126,11.853861808776855,9.342577934265137,9.300662994384766,8.55954647064209,16.616596221923828,-3.1772468090057373,0.9021255970001221,4.055410861968994,10.99587631225586,6.628009796142578,14.995549201965332,8.124680519104004,24.126970291137695,11.170955657958984
352,-21.314294815063477,-25.265705108642578,-20.280710220336914,-17.88152313232422,-27.10964012145996,-21.94877815246582,-16.91390609741211,-31.976648330688477,-4.161391735076904,-6.664309978485107,-8.170578002929688,-9.824024200439453,-3.3926215171813965,-10.992989540100098,1.0190435647964478,-15.27627944946289
353,-15.857080459594727,-19.878986358642578,-18.55927276611328,-11.359721183776855,-15.149147033691406,-14.11569595336914,-13.159099578857422,-28.720157623291016,-13.057388305664062,-15.378057479858398,-19.88890838623047,-18.967336654663086,-12.335412979125977,-22.016685485839844,-9.667854309082031,-28.134742736816406
354,4.810415744781494,5.509888648986816,5.5873236656188965,14.457353591918945,13.051219940185547,8.967123985290527,8.743452072143555,-4.457540988922119,-8.606261253356934,-4.7014641761779785,-4.956393718719482,-5.804233551025391,1.8904832601547241,-7.538219451904297,7.010128498077393,-10.50793743133545
355,17.812938690185547,17.861328125,17.145431518554688,26.7017879486084,17.72165298461914,16.107683181762695,16.570043563842773,6.321911811828613,12.435749053955078,7.406064033508301,12.437684059143066,7.382105827331543,12.08829402923584,4.008517265319824,15.332281112670898,9.589083671569824
356,11.310980796813965,13.906366348266602,15.656356811523438,20.789472579956055,13.813638687133789,14.088726997375488,13.491199493408203,5.880369186401367,15.402984619140625,21.146657943725586,19.44088363647461,20.65351676940918,22.84969139099121,18.126251220703125,23.459238052368164,24.29276466369629
357,-0.048262421041727066,4.765151023864746,9.101243019104004,14.553130149841309,3.639622926712036,6.502844333648682,4.18357515335083,-1.8327728509902954,-1.1694601774215698,8.83886432647705,6.408156871795654,9.788022994995117,12.456121444702148,11.330842018127441,11.237754821777344,5.970953941345215
358,1.2290253639221191,6.143194675445557,9.698965072631836,10.777886390686035,0.4121527671813965,4.429727077484131,3.521231174468994,-1.4541816711425781,-3.9552276134490967,-10.48564624786377,-8.24782657623291,-6.568959712982178,-4.441753387451172,-2.8901567459106445,-7.432563781738281,-12.27836799621582
359,-8.80544376373291,-5.711666584014893,-0.4727730453014374,-7.442133903503418,-9.09830093383789,-4.738800048828125,-4.646628379821777,-5.693620681762695,4.31596040725708,6.927935600280762,6.7232770919799805,9.766789436340332,10.33267593383789,9.976927757263184,4.8503336906433105,-2.6162917613983154
360,-8.80544376373291,-5.711666584014893,-0.4727730453014374,-7.442133903503418,-9.09830093383789,-4.738800048828125,-4.646628379821777,-5.693620681762695,4.31596040725708,6.927935600280762,6.7232770919799805,9.766789436340332,10.33267593383789,9.976927757263184,4.8503336906433105,-2.6162917613983154
361,-17.1514949798584,-23.156736373901367,-16.995094299316406,-15.054328918457031,-22.567310333251953,-21.373241424560547,-25.434057235717773,-21.96477508544922,-26.225467681884766,-17.746620178222656,-20.64458465576172,-18.04347801208496,-19.36949920654297,-16.575592041015625,-27.167991638183594,-24.833555221557617
362,1.7213058471679688,-0.7904213666915894,1.6714633703231812,8.390204429626465,-4.863161087036133,-3.1771912574768066,-8.054061889648438,-11.608572006225586,-18.81427001953125,-18.712383270263672,-25.167112350463867,-20.999034881591797,-24.698894500732422,-17.879323959350586,-29.880273818969727,-23.201406478881836
363,3.4460368156433105,7.035098552703857,8.591226577758789,8.504364013671875,-0.8744151592254639,5.266303539276123,4.551520347595215,-3.086209535598755,17.59734535217285,13.046303749084473,11.103633880615234,10.41732406616211,4.216686248779297,3.491499662399292,1.359071135520935,-5.672206401824951
364,-2.865248918533325,-3.6292238235473633,-3.1085550785064697,-0.6845020651817322,-3.597588062286377,-4.620772361755371,-6.771694660186768,-9.834850311279297,-1.763323187828064,-5.767292499542236,-4.042369842529297,-7.877476692199707,-12.020079612731934,-14.260106086730957,-11.438575744628906,-1.6794006824493408
365,8.81074047088623,4.024532794952393,0.5968685746192932,10.322422981262207,9.774189949035645,6.809683322906494,8.216843605041504,9.890472412109375,14.332518577575684,15.87712287902832,12.538702011108398,10.834259986877441,9.4374418258667,9.395408630371094,14.707120895385742,8.254136085510254
366,-12.887957572937012,-15.37918472290039,-16.109127044677734,-15.776826858520508,-11.18935775756836,-10.339263916015625,-7.821612358093262,-6.712067127227783,-5.032382965087891,-2.9565045833587646,-4.6199774742126465,-7.62973165512085,-7.729653358459473,-10.18117904663086,-3.2921783924102783,-8.024194717407227
367,-4.1058807373046875,-7.455933094024658,-7.624105930328369,-7.732085227966309,-3.1336915493011475,-5.446487903594971,-0.24505794048309326,-2.2143049240112305,-15.245656967163086,-4.148167610168457,-0.12453480809926987,-4.26544189453125,-0.9665727019309998,-3.222562789916992,1.2358527183532715,-13.815279006958008
368,-0.7030534744262695,-6.583953380584717,-5.502614974975586,-0.4352819621562958,-4.32621431350708,-4.39265251159668,-0.180556058883667,0.29812511801719666,6.213512420654297,6.340193271636963,1.7516263723373413,6.4158711433410645,9.330988883972168,3.9725842475891113,8.792325019836426,-7.84224796295166
369,-2.29378604888916,-9.030829429626465,-10.917527198791504,-14.01048755645752,-9.40723991394043,-8.387484550476074,-8.972596168518066,-5.329006671905518,9.97825813293457,-4.733085632324219,-8.060779571533203,-2.912527322769165,-2.213318347930908,-7.040436744689941,-1.665579080581665,2.048292636871338
370,-4.1058807373046875,-7.455933094024658,-7.624105930328369,-7.732085227966309,-3.1336915493011475,-5.446487903594971,-0.24505794048309326,-2.2143049240112305,-15.245656967163086,-4.148167610168457,-0.12453480809926987,-4.26544189453125,-0.9665727019309998,-3.222562789916992,1.2358527183532715,-13.815279006958008
371,-0.7030534744262695,-6.583953380584717,-5.502614974975586,-0.4352819621562958,-4.32621431350708,-4.39265251159668,-0.180556058883667,0.29812511801719666,6.213512420654297,6.340193271636963,1.7516263723373413,6.4158711433410645,9.330988883972168,3.9725842475891113,8.792325019836426,-7.84224796295166
372,-2.29378604888916,-9.030829429626465,-10.917527198791504,-14.01048755645752,-9.40723991394043,-8.387484550476074,-8.972596168518066,-5.329006671905518,9.97825813293457,-4.733085632324219,-8.060779571533203,-2.912527322769165,-2.213318347930908,-7.040436744689941,-1.665579080581665,2.048292636871338
373,-6.278491020202637,-8.883316993713379,-6.867538928985596,-13.112142562866211,-5.175703525543213,-8.873177528381348,-9.357519149780273,-5.177016735076904,-7.4648566246032715,-1.8386175632476807,2.8227312564849854,3.927295446395874,3.195218801498413,-0.10762099921703339,1.624330997467041,11.285616874694824
374,-12.804227828979492,-13.032007217407227,-9.556893348693848,-16.778581619262695,-11.583419799804688,-16.80200958251953,-13.458354949951172,-10.42928695678711,0.9830033779144287,-2.058103084564209,-1.9716616868972778,2.0695183277130127,4.326315402984619,3.1347038745880127,3.379917621612549,8.294046401977539
375,7.655675411224365,9.077329635620117,1.4338834285736084,-1.3540788888931274,5.356472015380859,2.5443055629730225,6.468321323394775,0.19246210157871246,-1.094490885734558,-5.33575439453125,-6.0655412673950195,-3.2661259174346924,0.9567712545394897,0.4317706525325775,-0.5108489394187927,-6.990766525268555
376,5.008093357086182,8.111546516418457,0.9894053936004639,1.2962514162063599,3.8904640674591064,3.9936697483062744,1.7728798389434814,-1.497138261795044,-2.8768422603607178,2.614102602005005,5.653863906860352,4.878964900970459,8.42673397064209,8.961982727050781,3.5113062858581543,-6.495992660522461
377,6.564528465270996,9.343160629272461,5.766331672668457,1.963882327079773,4.147030353546143,3.670598030090332,-2.445819139480591,3.939857244491577,8.255260467529297,6.4889655113220215,10.436605453491211,8.863492965698242,11.649460792541504,10.064311027526855,8.782211303710938,4.499487400054932
378,17.171672821044922,23.43438720703125,22.50642967224121,19.28812026977539,22.36094093322754,18.487716674804688,15.439927101135254,17.64923858642578,1.8515490293502808,8.917506217956543,10.172797203063965,10.382003784179688,12.025579452514648,10.756532669067383,12.133461952209473,28.26050567626953
379,5.17217493057251,9.350203514099121,12.548503875732422,7.454587459564209,12.887006759643555,7.475504398345947,5.8818840980529785,2.3363680839538574,5.559786796569824,1.459288477897644,5.558768272399902,3.9545364379882812,6.882941722869873,12.487110137939453,9.741379737854004,30.664573669433594
380,-1.7195569276809692,1.8933792114257812,-1.3571053743362427,-4.534092426300049,-0.18260033428668976,0.5208845138549805,-7.110081672668457,-6.6677937507629395,17.75724983215332,2.471322536468506,10.690431594848633,4.817883491516113,5.795290470123291,11.091455459594727,6.324442386627197,0.5699866414070129
381,-12.956523895263672,-6.215240478515625,-10.38742446899414,-11.262117385864258,-14.838277816772461,-5.2013115882873535,-18.014883041381836,-13.68561840057373,2.3562216758728027,-3.2448339462280273,-0.9788722991943359,-6.093434810638428,-9.367250442504883,-9.266264915466309,-12.509531021118164,-32.1407356262207
382,-13.755084037780762,-10.489081382751465,-10.297423362731934,-10.127662658691406,-14.92458438873291,-8.888172149658203,-15.965799331665039,-13.810253143310547,-22.48407554626465,-24.00261116027832,-23.211193084716797,-26.495237350463867,-27.859786987304688,-26.374832153320312,-28.414857864379883,-28.091215133666992
383,3.1682796478271484,5.988439083099365,1.0049521923065186,8.150721549987793,5.304701328277588,3.694483995437622,3.5792272090911865,4.16856575012207,-9.415726661682129,-8.25090217590332,-6.595564365386963,-9.86690902709961,-9.928528785705566,-6.786583423614502,-5.5593109130859375,14.92335033416748
384,17.419919967651367,18.62652015686035,14.229606628417969,20.244831085205078,17.418506622314453,18.961532592773438,21.594249725341797,21.502477645874023,3.655388593673706,9.960799217224121,7.0260539054870605,6.550583362579346,5.306578159332275,6.033400058746338,11.4629545211792,17.845319747924805
385,1.1541242599487305,1.531412959098816,5.680932521820068,13.23996353149414,5.932616233825684,4.941801071166992,6.3995561599731445,12.532549858093262,1.4568140506744385,0.050205111503601074,-4.641295433044434,-0.1710391491651535,-0.10360901802778244,-1.844405174255371,-0.15715250372886658,-5.783151626586914
386,-1.9296236038208008,-4.069363117218018,1.1236337423324585,5.598389625549316,0.5341722965240479,1.2674978971481323,4.190079689025879,4.555808067321777,1.6481614112854004,-0.43742677569389343,0.8603084683418274,4.032868385314941,2.812547206878662,2.049086570739746,0.6041046380996704,8.507877349853516
387,-5.514996528625488,-8.412588119506836,-9.628934860229492,-3.602830171585083,-4.375152111053467,-8.632087707519531,-5.227143287658691,-9.86404800415039,-11.492976188659668,-8.68077278137207,-8.812734603881836,-7.664313316345215,-9.276676177978516,-9.88630199432373,-10.235464096069336,2.568960189819336
388,-11.17539119720459,-14.990643501281738,-15.605981826782227,-7.902559757232666,-12.912873268127441,-14.815553665161133,-12.320175170898438,-14.429007530212402,-8.455480575561523,-1.017134428024292,-3.0764589309692383,-2.3925211429595947,-2.678032636642456,-0.24659539759159088,-1.1425065994262695,8.452960968017578
389,-2.512660264968872,-7.35482931137085,-6.654535293579102,-7.125942707061768,-8.854554176330566,-4.188582897186279,-5.2977213859558105,-9.223295211791992,-1.2209007740020752,-0.8888121843338013,-2.409193754196167,-0.44035303592681885,-2.3045146465301514,-0.7853100895881653,-5.4730024337768555,-18.132408142089844
390,-7.952531814575195,-9.579758644104004,-5.501446723937988,-1.1414761543273926,-2.589235544204712,-11.66125774383545,-1.7009161710739136,-9.991313934326172,-5.439224720001221,3.3317501544952393,-2.633945941925049,1.8826831579208374,3.9843709468841553,8.49104118347168,7.4914727210998535,2.7197165489196777
391,1.7237664461135864,-0.007684566546231508,2.1119704246520996,4.546408176422119,3.772495985031128,-1.6306334733963013,0.5946924686431885,-2.556865930557251,-6.876420021057129,-1.814129114151001,-5.776379108428955,-5.117786884307861,-3.670184373855591,-5.147490501403809,-2.04548716545105,-17.567813873291016
392,10.850452423095703,12.438315391540527,13.490558624267578,11.751596450805664,11.297017097473145,8.52050495147705,4.5323567390441895,4.430767059326172,2.6397159099578857,2.244985818862915,7.026922702789307,0.5779522657394409,2.2576441764831543,-6.164038181304932,3.917314052581787,-0.396836519241333
393,0.6487013697624207,5.229311943054199,6.990235328674316,3.316901922225952,0.17500607669353485,2.7310054302215576,7.3201518058776855,1.8822104930877686,15.751518249511719,13.233109474182129,16.907886505126953,12.320613861083984,15.636287689208984,9.61940860748291,18.25141143798828,23.042957305908203
394,-34.66096115112305,-26.570459365844727,-27.730907440185547,-28.657596588134766,-30.80352783203125,-30.17383575439453,-24.219099044799805,-27.0267276763916,-25.95836067199707,-30.986370086669922,-29.132686614990234,-30.77168846130371,-25.937217712402344,-23.593463897705078,-24.8662166595459,-27.257349014282227
395,-34.66096115112305,-26.570459365844727,-27.730907440185547,-28.657596588134766,-30.80352783203125,-30.17383575439453,-24.219099044799805,-27.0267276763916,-25.95836067199707,-30.986370086669922,-29.132686614990234,-30.77168846130371,-25.937217712402344,-23.593463897705078,-24.8662166595459,-27.257349014282227
396,-19.10593032836914,-12.938702583312988,-17.40064239501953,-16.315872192382812,-15.6207275390625,-19.024404525756836,-20.25027084350586,-19.590927124023438,-38.89262390136719,-35.355228424072266,-35.05280303955078,-34.623512268066406,-30.711688995361328,-34.97281265258789,-28.421092987060547,-25.440092086791992
397,19.930612564086914,22.374155044555664,19.69561004638672,20.954303741455078,19.505653381347656,20.98418426513672,16.663856506347656,12.113870620727539,20.853286743164062,14.218423843383789,12.704318046569824,12.477007865905762,14.507308006286621,5.751216411590576,18.52918243408203,25.242361068725586
398,11.824347496032715,15.341835021972656,14.076261520385742,10.767943382263184,7.920235633850098,12.157777786254883,7.226167678833008,10.135218620300293,18.656251907348633,11.7168607711792,15.057236671447754,10.645215034484863,11.155258178710938,10.253873825073242,12.643026351928711,7.3615312576293945
399,-9.509199142456055,-7.341354846954346,-5.970971584320068,-10.881682395935059,-10.283080101013184,-13.254227638244629,-13.041613578796387,-6.112945556640625,-12.525914192199707,-10.238759994506836,-14.581035614013672,-12.004654884338379,-10.796072006225586,-11.659138679504395,-9.958834648132324,-15.512944221496582
400,12.88294792175293,13.390809059143066,9.603120803833008,10.578254699707031,12.41418170928955,14.846125602722168,13.971488952636719,16.507583618164062,11.241191864013672,11.685214042663574,10.253069877624512,11.835172653198242,10.68712329864502,14.213068962097168,10.840136528015137,-1.2299138307571411
401,7.655898571014404,8.43648910522461,7.108071327209473,9.011197090148926,9.179154396057129,9.998523712158203,12.056778907775879,15.369158744812012,20.095857620239258,19.870359420776367,19.708465576171875,18.760848999023438,17.77682876586914,20.029985427856445,19.318971633911133,23.91004753112793
402,-3.032411813735962,-1.1635544300079346,0.06533583998680115,2.873624801635742,-0.1668083369731903,-1.1357353925704956,-0.7603368163108826,1.6961559057235718,3.3584306240081787,1.497351050376892,0.6373613476753235,-1.1530431509017944,-2.9505412578582764,2.3322956562042236,1.3617701530456543,12.742706298828125
403,-0.45614859461784363,0.7932620644569397,1.8156375885009766,5.223968029022217,2.938030481338501,3.165919065475464,1.8419629335403442,2.3764727115631104,3.9232001304626465,-2.909083843231201,-2.5878617763519287,-5.909244060516357,-5.891721248626709,0.9559698700904846,-0.02197376638650894,7.73723840713501
404,0.5797716975212097,-0.36401820182800293,1.617581844329834,3.291743755340576,2.8386270999908447,4.115908145904541,7.564901828765869,5.606298446655273,6.71183443069458,6.250032901763916,10.591954231262207,5.155635833740234,5.026578903198242,10.012886047363281,7.222129821777344,3.0810494422912598
405,-0.45614859461784363,0.7932620644569397,1.8156375885009766,5.223968029022217,2.938030481338501,3.165919065475464,1.8419629335403442,2.3764727115631104,3.9232001304626465,-2.909083843231201,-2.5878617763519287,-5.909244060516357,-5.891721248626709,0.9559698700904846,-0.02197376638650894,7.73723840713501
406,0.5797716975212097,-0.36401820182800293,1.617581844329834,3.291743755340576,2.8386270999908447,4.115908145904541,7.564901828765869,5.606298446655273,6.71183443069458,6.250032901763916,10.591954231262207,5.155635833740234,5.026578903198242,10.012886047363281,7.222129821777344,3.0810494422912598
407,-19.851308822631836,-20.57655143737793,-20.255268096923828,-18.757034301757812,-21.285581588745117,-16.99816131591797,-12.261418342590332,-16.19121742248535,-9.126518249511719,-12.80760383605957,-9.02730941772461,-11.809823989868164,-13.152972221374512,-7.759271144866943,-14.703984260559082,-11.625558853149414
408,-21.29191017150879,-22.762020111083984,-25.043010711669922,-25.423484802246094,-28.23388671875,-19.631608963012695,-22.78445816040039,-21.40520477294922,-10.997308731079102,-20.729907989501953,-12.708694458007812,-18.163789749145508,-20.23488426208496,-14.039043426513672,-22.83032989501953,-20.426897048950195
409,-12.78531265258789,-15.477010726928711,-16.214147567749023,-18.56641960144043,-17.226314544677734,-15.796368598937988,-20.173513412475586,-13.259137153625488,-14.985557556152344,-21.628631591796875,-17.27949333190918,-21.168798446655273,-21.124954223632812,-17.99824333190918,-24.09088706970215,-26.114442825317383
410,-3.1264710426330566,-4.090183258056641,-3.740100383758545,-3.848205089569092,-0.398322731256485,-4.485182762145996,-6.3354058265686035,-2.165999412536621,-15.414644241333008,-10.824640274047852,-11.347617149353027,-9.26329231262207,-4.46649169921875,-6.043609142303467,-8.90832233428955,-0.33186495304107666
411,2.346933364868164,3.3275139331817627,3.7815921306610107,4.964353084564209,7.023126125335693,6.09274959564209,-2.168347120285034,6.953812599182129,3.8258180618286133,7.6268110275268555,6.130932807922363,9.691973686218262,13.35425090789795,10.525816917419434,6.448579788208008,3.2582902908325195
412,2.889139413833618,2.696169853210449,1.5059109926223755,1.0389690399169922,1.9250495433807373,-0.014046311378479004,-8.392108917236328,4.7829108238220215,7.954710483551025,5.8831634521484375,0.6347958445549011,5.471553802490234,5.8153300285339355,2.9560296535491943,2.258437156677246,-11.326069831848145
413,5.362297534942627,5.023344993591309,5.939517021179199,0.8500953912734985,0.054005216807127,2.5732181072235107,2.5114686489105225,7.656433582305908,-3.1451711654663086,7.743321895599365,3.0166375637054443,7.599156379699707,5.613062858581543,0.39460816979408264,4.15658712387085,2.5301103591918945
414,-2.4690253734588623,-2.8605778217315674,-1.7800443172454834,-4.16297721862793,-7.043416500091553,-1.9111682176589966,3.286360263824463,3.637669563293457,-5.05523681640625,4.968279838562012,2.9788172245025635,5.884785175323486,2.6211533546447754,-0.9104286432266235,-1.6068174839019775,9.90591049194336
415,7.546878337860107,7.996581077575684,4.586711883544922,2.986074686050415,0.9933074116706848,7.443706512451172,5.526818752288818,2.2794182300567627,17.759571075439453,13.611735343933105,20.713624954223633,16.251317977905273,13.538511276245117,9.061015129089355,9.534906387329102,26.692533493041992
416,-14.804810523986816,-18.257963180541992,-21.513408660888672,-20.890283584594727,-23.68787384033203,-19.90190887451172,-18.526840209960938,-19.989028930664062,-13.59652042388916,-21.106426239013672,-15.911273002624512,-19.707183837890625,-22.104923248291016,-21.388980865478516,-28.377182006835938,-23.022878646850586
417,-10.87215518951416,-9.336946487426758,-12.934321403503418,-8.165921211242676,-10.72642993927002,-10.242196083068848,-3.2921946048736572,-10.184008598327637,-13.533276557922363,-12.872010231018066,-13.813593864440918,-13.28777027130127,-13.249032974243164,-11.745938301086426,-16.120845794677734,-32.15553665161133
418,-6.429935932159424,-0.542194128036499,1.3090405464172363,4.873918056488037,2.354580879211426,2.685718059539795,3.596705675125122,-1.6262001991271973,-1.0339570045471191,-4.630416393280029,-7.542243957519531,-5.5664496421813965,-3.80908465385437,-1.4599913358688354,-4.216426372528076,-18.006921768188477
419,13.051070213317871,14.737178802490234,16.60346794128418,18.529409408569336,20.864803314208984,18.16605567932129,13.305620193481445,11.488490104675293,-1.5723921060562134,2.564112663269043,6.218670845031738,6.4744181632995605,6.577881336212158,8.529504776000977,5.294430255889893,0.6684663891792297
420,-6.429935932159424,-0.542194128036499,1.3090405464172363,4.873918056488037,2.354580879211426,2.685718059539795,3.596705675125122,-1.6262001991271973,-1.0339570045471191,-4.630416393280029,-7.542243957519531,-5.5664496421813965,-3.80908465385437,-1.4599913358688354,-4.216426372528076,-18.006921768188477
421,13.051070213317871,14.737178802490234,16.60346794128418,18.529409408569336,20.864803314208984,18.16605567932129,13.305620193481445,11.488490104675293,-1.5723921060562134,2.564112663269043,6.218670845031738,6.4744181632995605,6.577881336212158,8.529504776000977,5.294430255889893,0.6684663891792297
422,25.71082305908203,24.113492965698242,24.058725357055664,23.34149169921875,27.817115783691406,26.748138427734375,22.414100646972656,21.007783889770508,13.084027290344238,20.11041831970215,27.030189514160156,26.86579704284668,25.875852584838867,25.157583236694336,26.614742279052734,36.04743957519531
423,13.483550071716309,11.321208953857422,16.776180267333984,11.629375457763672,17.127111434936523,15.981609344482422,7.74135684967041,10.365386962890625,24.884599685668945,16.72661781311035,18.315114974975586,17.627933502197266,16.854572296142578,18.846092224121094,20.53738021850586,33.09928512573242
424,-8.899551391601562,-8.995633125305176,-2.5090670585632324,-6.82747220993042,-5.516336917877197,-3.3210158348083496,-11.299348831176758,-1.790403962135315,-2.6059510707855225,-1.5594900846481323,1.2865147590637207,-2.3485677242279053,-1.4257115125656128,5.510849952697754,1.6058791875839233,1.0235580205917358
425,-2.1530370712280273,-6.370743751525879,-3.3228297233581543,-8.485614776611328,-4.856622695922852,-8.035012245178223,-7.676331520080566,4.695552349090576,-4.192376136779785,-8.057318687438965,-8.94647216796875,-7.381946086883545,-5.3007121086120605,-10.039292335510254,-5.309856414794922,-8.780539512634277
426,2.986560106277466,0.41707316040992737,3.026458263397217,-0.8972663879394531,0.5471580028533936,-3.1747171878814697,-2.7658681869506836,8.878737449645996,7.023002624511719,-0.5934233069419861,-2.8885369300842285,0.7649850249290466,1.0073493719100952,0.8174686431884766,2.792736530303955,11.94918155670166
427,-7.795163631439209,-8.722381591796875,-7.584051609039307,-11.574130058288574,-6.811224937438965,-9.91231632232666,-7.658881187438965,-4.987199783325195,6.134573459625244,4.413887023925781,-1.0779120922088623,1.4619159698486328,-0.8387020230293274,5.547898769378662,2.002371311187744,0.7489120960235596
428,-2.5831139087677,-2.304316997528076,-2.5982537269592285,-5.999485015869141,-1.639615774154663,-0.8602867722511292,3.8013503551483154,-2.5487184524536133,4.9923529624938965,8.04331111907959,2.676547050476074,5.1807427406311035,2.0377984046936035,6.19924783706665,5.688322067260742,-0.6240751147270203
429,12.609371185302734,13.081738471984863,9.696024894714355,15.192233085632324,13.293932914733887,10.785697937011719,10.900270462036133,6.169116497039795,5.3823652267456055,-5.412670612335205,-8.631346702575684,-5.694094657897949,-6.976833343505859,-7.2706618309021,-4.57308292388916,-6.26124906539917
430,-2.5831139087677,-2.304316997528076,-2.5982537269592285,-5.999485015869141,-1.639615774154663,-0.8602867722511292,3.8013503551483154,-2.5487184524536133,4.9923529624938965,8.04331111907959,2.676547050476074,5.1807427406311035,2.0377984046936035,6.19924783706665,5.688322067260742,-0.6240751147270203
431,12.609371185302734,13.081738471984863,9.696024894714355,15.192233085632324,13.293932914733887,10.785697937011719,10.900270462036133,6.169116497039795,5.3823652267456055,-5.412670612335205,-8.631346702575684,-5.694094657897949,-6.976833343505859,-7.2706618309021,-4.57308292388916,-6.26124906539917
432,6.545568943023682,10.61008071899414,8.831648826599121,13.064876556396484,11.363672256469727,10.984556198120117,13.035026550292969,12.345488548278809,17.709274291992188,12.833749771118164,12.773795127868652,15.278460502624512,15.68498706817627,17.068222045898438,18.495983123779297,20.49896812438965
433,-17.017614364624023,-15.087820053100586,-14.829463958740234,-13.713469505310059,-14.06291675567627,-9.311318397521973,-9.783123970031738,-6.211285591125488,-16.224666595458984,-6.434967041015625,0.5515766143798828,-2.0354976654052734,-2.21465802192688,-2.370504856109619,-2.1006240844726562,-9.991036415100098
434,17.984601974487305,12.781436920166016,10.150713920593262,17.839305877685547,15.662825584411621,19.247163772583008,10.54677963256836,9.330914497375488,-15.828718185424805,-8.664196968078613,1.711941123008728,-5.608847618103027,-6.282253265380859,-12.38739013671875,-9.971661567687988,-10.541727066040039
435,24.893320083618164,22.34761619567871,15.699377059936523,14.433499336242676,20.95670509338379,17.276309967041016,20.87171745300293,16.356111526489258,7.162513256072998,7.468769550323486,4.31227970123291,7.009313583374023,7.159177780151367,8.66999340057373,-1.836832046508789,24.180706024169922
436,0.8676919341087341,2.4521234035491943,-5.16415548324585,-13.320634841918945,-4.1331892013549805,-9.25784969329834,-2.8713698387145996,4.074920654296875,30.572092056274414,17.712127685546875,8.790449142456055,14.059149742126465,13.14879322052002,21.96173667907715,2.527560234069824,35.29286575317383
437,-4.948088645935059,1.3886222839355469,-7.825627326965332,-13.418313026428223,-12.948213577270508,-14.338783264160156,-11.020637512207031,-2.2889740467071533,-1.6036920547485352,-4.15613317489624,-12.193419456481934,-11.81371021270752,-15.94052505493164,-1.3047096729278564,-30.34928321838379,-2.9447216987609863
438,21.190006256103516,26.072677612304688,16.470991134643555,16.849050521850586,14.969338417053223,12.371459007263184,19.462766647338867,24.74820899963379,4.7561774253845215,9.327750205993652,6.855377674102783,1.0502560138702393,-5.087450981140137,13.436867713928223,-21.852445602416992,22.097288131713867
439,-17.285594940185547,-11.629446983337402,-19.810604095458984,-16.352893829345703,-19.23372459411621,-23.716341018676758,-13.859762191772461,4.259838581085205,-5.02161169052124,-2.011993169784546,-1.7479991912841797,-9.55099868774414,-16.127153396606445,6.940208435058594,-33.39297103881836,13.86386489868164
440,21.190006256103516,26.072677612304688,16.470991134643555,16.849050521850586,14.969338417053223,12.371459007263184,19.462766647338867,24.74820899963379,4.7561774253845215,9.327750205993652,6.855377674102783,1.0502560138702393,-5.087450981140137,13.436867713928223,-21.852445602416992,22.097288131713867
441,-17.285594940185547,-11.629446983337402,-19.810604095458984,-16.352893829345703,-19.23372459411621,-23.716341018676758,-13.859762191772461,4.259838581085205,-5.02161169052124,-2.011993169784546,-1.7479991912841797,-9.55099868774414,-16.127153396606445,6.940208435058594,-33.39297103881836,13.86386489868164
442,-14.632515907287598,-6.1983642578125,-17.444238662719727,-10.741751670837402,-15.044729232788086,-23.537439346313477,-18.61353302001953,6.3259429931640625,-23.62013053894043,-24.876951217651367,-24.99659538269043,-32.754150390625,-39.25830841064453,-16.230087280273438,-51.932518005371094,-16.70561981201172
443,-1.7430239915847778,8.997374534606934,0.3977466821670532,8.368673324584961,8.620745658874512,-7.586953639984131,-3.1980702877044678,22.73805809020996,-7.490293502807617,-8.788487434387207,-10.735883712768555,-15.191244125366211,-21.631263732910156,-2.5798661708831787,-28.194917678833008,-9.0243501663208
444,-12.531768798828125,-3.9227633476257324,-5.48335599899292,4.29898738861084,0.9218500256538391,-11.53813362121582,-12.322086334228516,18.711261749267578,-9.34382152557373,-3.930035352706909,-5.406994342803955,-6.328858852386475,-14.498815536499023,-1.4904625415802002,-15.767796516418457,-7.533690452575684
445,-1.6923463344573975,-5.341695785522461,3.144378185272217,0.6974034309387207,0.665452778339386,-0.628243088722229,-1.979082465171814,16.88532066345215,-0.5509653687477112,-1.3194541931152344,-8.624263763427734,1.141701579093933,-10.567200660705566,-8.535152435302734,-4.1883721351623535,-5.394505023956299
446,-2.6475765705108643,-10.613255500793457,0.6455432772636414,-6.456220626831055,-6.552102565765381,1.1372073888778687,-9.332066535949707,5.640733242034912,0.5384157299995422,-2.7981395721435547,-8.754961967468262,1.1872996091842651,-8.469681739807129,-12.097773551940918,1.497237205505371,2.381131172180176
447,-7.591296195983887,-15.797351837158203,-3.8175957202911377,-14.628971099853516,-8.890841484069824,1.6562776565551758,-13.25976276397705,-4.829087257385254,2.596773386001587,-3.896411418914795,-0.09086739271879196,3.1450841426849365,-3.4837772846221924,-16.060630798339844,8.706357955932617,-8.052074432373047
448,-17.220651626586914,-24.553302764892578,-12.268852233886719,-23.121849060058594,-15.06385612487793,-5.8681440353393555,-12.444665908813477,-20.026226043701172,-12.714366912841797,-10.358426094055176,-5.369041919708252,-0.8289104104042053,-1.8952845335006714,-17.915796279907227,9.469022750854492,-18.917877197265625
449,0.5052518248558044,-9.932718276977539,1.4801846742630005,-7.025432586669922,4.1790080070495605,7.443033695220947,3.9623754024505615,-16.273611068725586,-17.30185890197754,-16.551103591918945,-11.232917785644531,-7.152349948883057,-2.885094165802002,-19.133590698242188,7.396817207336426,-25.30915069580078
450,0.5052518248558044,-9.932718276977539,1.4801846742630005,-7.025432586669922,4.1790080070495605,7.443033695220947,3.9623754024505615,-16.273611068725586,-17.30185890197754,-16.551103591918945,-11.232917785644531,-7.152349948883057,-2.885094165802002,-19.133590698242188,7.396817207336426,-25.30915069580078
451,12.353665351867676,1.1121580600738525,11.694328308105469,2.6149604320526123,15.902572631835938,18.771392822265625,15.788775444030762,-10.931233406066895,8.797582626342773,3.2967069149017334,11.650818824768066,11.969260215759277,17.172035217285156,-2.013228416442871,26.693212509155273,-3.7569141387939453
452,-8.709659576416016,-17.070775985717773,-4.3729567527771,-19.120134353637695,-10.215790748596191,-3.6338205337524414,-2.038400173187256,-28.86193084716797,13.699448585510254,6.7823381423950195,14.619237899780273,13.207643508911133,19.137054443359375,5.491320610046387,27.753517150878906,8.111737251281738
453,-7.034380912780762,-11.48572826385498,-4.805440902709961,-13.870224952697754,-6.923644542694092,-4.259535312652588,-2.165032148361206,-35.16743087768555,-14.627473831176758,-11.914835929870605,-7.960119724273682,-8.888588905334473,-2.181609869003296,-13.749486923217773,6.732692718505859,-16.62913703918457
454,12.843951225280762,6.791947841644287,8.32917594909668,3.995718002319336,12.291937828063965,12.699261665344238,14.042718887329102,-20.93443489074707,0.25222572684288025,3.7892374992370605,0.6379191279411316,3.9292476177215576,12.775978088378906,1.0291602611541748,19.24240493774414,-5.9612884521484375
455,-7.933853626251221,-5.211617469787598,-5.276490688323975,6.095460414886475,-5.896581649780273,-11.027082443237305,4.639913558959961,-4.500769138336182,-8.526914596557617,-8.126754760742188,-13.745781898498535,-14.606009483337402,-11.469171524047852,-12.155691146850586,-7.235317707061768,-9.520018577575684
456,-10.946579933166504,-6.64083194732666,-7.797053337097168,4.515818119049072,-6.650364875793457,-9.373330116271973,-2.083524465560913,-0.5963186025619507,-19.039579391479492,-2.3112881183624268,-8.594127655029297,-8.614080429077148,-7.172009468078613,-3.7647693157196045,-5.812878608703613,-10.323604583740234
457,12.678373336791992,14.108829498291016,13.003905296325684,24.209033966064453,14.163254737854004,10.529348373413086,10.858797073364258,20.570180892944336,-0.43000519275665283,8.4331693649292,6.247046947479248,3.9347872734069824,6.5717453956604,8.922709465026855,8.392844200134277,-5.315481662750244
458,14.877222061157227,16.01239585876465,18.904603958129883,24.49574089050293,16.273591995239258,11.75070571899414,13.562726974487305,29.118932723999023,15.410651206970215,11.656245231628418,5.946834087371826,7.774058818817139,13.185776710510254,16.070873260498047,11.788626670837402,11.832135200500488
459,8.711359977722168,11.47579574584961,10.999553680419922,13.213610649108887,10.242993354797363,7.038569927215576,9.662757873535156,18.742380142211914,16.634984970092773,14.934986114501953,7.304664134979248,11.813889503479004,15.195618629455566,18.20098304748535,10.20047378540039,26.810285568237305
460,14.877222061157227,16.01239585876465,18.904603958129883,24.49574089050293,16.273591995239258,11.75070571899414,13.562726974487305,29.118932723999023,15.410651206970215,11.656245231628418,5.946834087371826,7.774058818817139,13.185776710510254,16.070873260498047,11.788626670837402,11.832135200500488
461,8.711359977722168,11.47579574584961,10.999553680419922,13.213610649108887,10.242993354797363,7.038569927215576,9.662757873535156,18.742380142211914,16.634984970092773,14.934986114501953,7.304664134979248,11.813889503479004,15.195618629455566,18.20098304748535,10.20047378540039,26.810285568237305
462,12.753000259399414,14.647407531738281,14.76685905456543,12.223264694213867,12.39450740814209,9.994860649108887,11.069304466247559,13.984155654907227,11.512292861938477,15.423583984375,13.51694393157959,14.346708297729492,15.420206069946289,16.137557983398438,10.368711471557617,4.456087589263916
463,-9.86141586303711,-9.21070384979248,-6.2541375160217285,-5.578731536865234,-9.789595603942871,-6.940676689147949,-11.637913703918457,-1.1777344942092896,-4.843817710876465,-3.212815761566162,-0.808329164981842,-1.4290142059326172,0.01937098056077957,3.4564907550811768,1.8594673871994019,-2.115630626678467
464,-18.491167068481445,-19.819673538208008,-17.097566604614258,-14.932887077331543,-19.95981788635254,-12.429733276367188,-22.555864334106445,-9.651991844177246,-13.777464866638184,-19.00638771057129,-14.369742393493652,-16.412731170654297,-16.282779693603516,-14.614548683166504,-11.951407432556152,-9.422063827514648
465,-9.86141586303711,-9.21070384979248,-6.2541375160217285,-5.578731536865234,-9.789595603942871,-6.940676689147949,-11.637913703918457,-1.1777344942092896,-4.843817710876465,-3.212815761566162,-0.808329164981842,-1.4290142059326172,0.01937098056077957,3.4564907550811768,1.8594673871994019,-2.115630626678467
466,-18.491167068481445,-19.819673538208008,-17.097566604614258,-14.932887077331543,-19.95981788635254,-12.429733276367188,-22.555864334106445,-9.651991844177246,-13.777464866638184,-19.00638771057129,-14.369742393493652,-16.412731170654297,-16.282779693603516,-14.614548683166504,-11.951407432556152,-9.422063827514648
467,-5.8489990234375,-11.187360763549805,-11.594026565551758,-8.570234298706055,-9.975899696350098,-8.642951011657715,-17.25303077697754,-8.633817672729492,-11.365945816040039,-20.06016731262207,-15.20181655883789,-18.510208129882812,-20.148347854614258,-22.513153076171875,-17.714265823364258,-20.56035614013672
468,-10.918933868408203,-14.822824478149414,-15.3729887008667,-11.968915939331055,-11.191059112548828,-12.75566291809082,-16.26456069946289,-10.512149810791016,-5.994780540466309,-6.853818416595459,-1.6548601388931274,-4.113375186920166,-7.437445163726807,-7.6895318031311035,-3.520794153213501,-0.25159570574760437
469,3.3310630321502686,1.3759777545928955,-0.10083518922328949,1.7232167720794678,2.1418566703796387,3.9883999824523926,2.768714666366577,0.8089873790740967,1.137627363204956,-2.041184425354004,3.049164295196533,0.9956516623497009,-2.6890511512756348,-6.327626705169678,-2.990481376647949,-13.956080436706543
470,29.362634658813477,26.697214126586914,22.03070640563965,21.638166427612305,21.704532623291016,28.067890167236328,26.646488189697266,19.025291442871094,13.064620971679688,9.254608154296875,13.969561576843262,13.492840766906738,11.871429443359375,6.142140865325928,6.49622917175293,-10.761287689208984
471,25.245275497436523,24.86136817932129,21.89272117614746,15.409667015075684,17.30304527282715,26.37852668762207,23.840137481689453,19.70175552368164,36.330787658691406,33.3224983215332,36.019264221191406,36.654850006103516,34.54817199707031,30.84096336364746,30.217744827270508,24.12211036682129
472,13.96418571472168,13.613993644714355,14.281972885131836,7.074954986572266,11.016927719116211,11.958168983459473,15.941404342651367,6.981520175933838,18.76919937133789,23.23978042602539,22.76830291748047,24.337602615356445,22.25503158569336,21.281396865844727,23.14177894592285,21.233469009399414
473,-16.443531036376953,-17.54761505126953,-14.606917381286621,-22.899791717529297,-15.995474815368652,-21.94754409790039,-13.307628631591797,-24.791025161743164,-7.905175685882568,-10.290143966674805,-14.041321754455566,-9.769668579101562,-8.450774192810059,-3.0604183673858643,-8.124566078186035,-10.054566383361816
474,-28.001739501953125,-24.588703155517578,-25.31640625,-32.044437408447266,-28.2432918548584,-29.749267578125,-24.683521270751953,-32.408905029296875,-13.585657119750977,-25.002635955810547,-28.762699127197266,-26.464263916015625,-24.808443069458008,-22.10999298095703,-26.95696449279785,-15.601065635681152
475,1.212807059288025,5.130140781402588,3.5551815032958984,1.9254555702209473,-2.2203333377838135,1.796742558479309,-0.6387707591056824,-1.9897302389144897,6.673641204833984,2.956554889678955,3.689152479171753,1.3829727172851562,1.7766863107681274,3.0757429599761963,-4.262984752655029,4.429873943328857
476,-12.820231437683105,-9.929015159606934,-10.257845878601074,-10.194157600402832,-9.456411361694336,-8.298707962036133,-9.539021492004395,-3.3864519596099854,-0.4394071400165558,7.810878753662109,7.966958999633789,8.80444049835205,5.912669658660889,6.278080463409424,5.2794904708862305,26.027315139770508
477,-23.446937561035156,-19.71274185180664,-24.690448760986328,-20.25792694091797,-20.259008407592773,-21.647396087646484,-29.0770263671875,-17.70311164855957,-34.834686279296875,-28.483203887939453,-21.067623138427734,-26.898210525512695,-29.452505111694336,-26.803577423095703,-30.628374099731445,-31.636018753051758
478,-23.40596580505371,-21.29079818725586,-22.359943389892578,-19.823030471801758,-19.693164825439453,-21.065881729125977,-22.90970230102539,-13.649951934814453,-29.441604614257812,-20.521099090576172,-15.232818603515625,-18.863248825073242,-20.43379783630371,-17.341266632080078,-22.464752197265625,-28.012449264526367
479,-13.386640548706055,-11.781047821044922,-9.990187644958496,-10.208375930786133,-10.376472473144531,-11.570043563842773,-10.09216022491455,-2.6200814247131348,-15.938928604125977,-15.615889549255371,-15.06214714050293,-11.785130500793457,-11.060773849487305,-6.976224899291992,-12.961470603942871,-18.08725929260254
480,-23.40596580505371,-21.29079818725586,-22.359943389892578,-19.823030471801758,-19.693164825439453,-21.065881729125977,-22.90970230102539,-13.649951934814453,-29.441604614257812,-20.521099090576172,-15.232818603515625,-18.863248825073242,-20.43379783630371,-17.341266632080078,-22.464752197265625,-28.012449264526367
481,-13.386640548706055,-11.781047821044922,-9.990187644958496,-10.208375930786133,-10.376472473144531,-11.570043563842773,-10.09216022491455,-2.6200814247131348,-15.938928604125977,-15.615889549255371,-15.06214714050293,-11.785130500793457,-11.060773849487305,-6.976224899291992,-12.961470603942871,-18.08725929260254
482,24.452070236206055,24.223918914794922,20.25853157043457,26.63111114501953,25.01521873474121,24.91991424560547,22.342296600341797,29.413705825805664,3.6717147827148438,-2.791940450668335,0.2361449897289276,0.3783302307128906,2.203713893890381,3.412795305252075,1.3771085739135742,-3.8914947509765625
483,35.431522369384766,29.915876388549805,29.97663688659668,31.80140495300293,35.36063003540039,36.314754486083984,33.80519485473633,46.697608947753906,43.359066009521484,35.933937072753906,34.0581169128418,37.5307502746582,38.13728713989258,36.091705322265625,38.72288131713867,33.388031005859375
484,17.849700927734375,14.976778030395508,14.647811889648438,14.62148666381836,17.705093383789062,16.325298309326172,9.570258140563965,24.03122901916504,27.28236198425293,21.609766006469727,17.284971237182617,21.10268211364746,20.766204833984375,23.629737854003906,20.297622680664062,20.166921615600586
485,-6.671526908874512,-7.2720489501953125,-1.4862971305847168,2.051264524459839,-5.348206520080566,-2.852569580078125,5.143518924713135,0.5364394783973694,3.4254157543182373,8.955870628356934,10.858870506286621,10.434721946716309,10.228140830993652,9.710192680358887,10.875397682189941,3.2960236072540283
486,-16.405292510986328,-14.211226463317871,-10.653532028198242,-5.347353935241699,-9.022655487060547,-13.592472076416016,-3.5756402015686035,-13.048954963684082,-22.436004638671875,-14.057286262512207,-16.234514236450195,-13.536324501037598,-9.296937942504883,-5.948048114776611,-5.808355331420898,-1.3792181015014648
487,9.030503273010254,8.975443840026855,13.180793762207031,14.516561508178711,14.61331558227539,5.110414028167725,11.547269821166992,0.7883566617965698,-8.353228569030762,-2.8099441528320312,-5.86662483215332,-3.8881564140319824,-0.4089972674846649,-1.9842641353607178,1.2390929460525513,-7.1231160163879395
488,-4.046999931335449,-4.603806972503662,3.183272123336792,1.4722318649291992,1.5210522413253784,-5.179907321929932,4.087018966674805,-4.466649055480957,12.696576118469238,11.044065475463867,6.326291561126709,8.942058563232422,10.852210998535156,9.577986717224121,8.442643165588379,-1.1574763059616089
489,-29.558185577392578,-30.52155876159668,-24.929664611816406,-24.254878997802734,-23.6661376953125,-28.274961471557617,-18.924076080322266,-28.99271011352539,-11.68753719329834,-15.267045974731445,-17.555889129638672,-17.056785583496094,-13.348374366760254,-12.090818405151367,-12.50820541381836,-11.304288864135742
490,-29.558185577392578,-30.52155876159668,-24.929664611816406,-24.254878997802734,-23.6661376953125,-28.274961471557617,-18.924076080322266,-28.99271011352539,-11.68753719329834,-15.267045974731445,-17.555889129638672,-17.056785583496094,-13.348374366760254,-12.090818405151367,-12.50820541381836,-11.304288864135742
491,-8.483766555786133,-14.956947326660156,-16.900434494018555,-14.42095947265625,-12.212289810180664,-14.898181915283203,-15.790088653564453,-26.721961975097656,-20.22944450378418,-26.929941177368164,-26.629695892333984,-27.631885528564453,-24.140140533447266,-25.559255599975586,-21.65572738647461,-15.35695743560791
492,-13.125287055969238,-17.362123489379883,-20.65226173400879,-22.095050811767578,-16.294099807739258,-16.444169998168945,-22.49293327331543,-25.346233367919922,-6.317864418029785,-11.231341361999512,-11.329489707946777,-11.783326148986816,-9.616714477539062,-12.074703216552734,-6.727718353271484,-13.523397445678711
493,-20.5909366607666,-19.449970245361328,-22.419660568237305,-23.243825912475586,-18.65128517150879,-19.497140884399414,-28.329734802246094,-27.293712615966797,-23.307252883911133,-18.74631690979004,-15.164348602294922,-20.75379180908203,-19.553869247436523,-21.411027908325195,-15.845993995666504,-27.298734664916992
494,14.07497787475586,11.451984405517578,6.193183898925781,11.947952270507812,7.492747783660889,9.270390510559082,1.0129368305206299,-0.42715930938720703,-5.37441349029541,1.0254329442977905,1.413015604019165,-1.4705579280853271,-1.9452844858169556,-6.325368404388428,-2.006260871887207,-9.868013381958008
495,-36.82278060913086,-35.13484191894531,-36.30965042114258,-37.408836364746094,-39.33290481567383,-34.85858154296875,-39.6070556640625,-25.696773529052734,-19.441423416137695,-17.858245849609375,-22.31802749633789,-19.72819709777832,-23.142513275146484,-22.823408126831055,-22.542539596557617,-5.042644500732422
496,-24.942651748657227,-21.072484970092773,-27.30607795715332,-22.101152420043945,-26.8149356842041,-23.491622924804688,-30.758438110351562,-23.059043884277344,-38.70279312133789,-39.09120559692383,-43.481361389160156,-41.37266159057617,-44.071895599365234,-39.44247055053711,-40.26478576660156,-26.469707489013672
497,10.780972480773926,16.744977951049805,9.822844505310059,17.623865127563477,11.360258102416992,11.88913345336914,7.004398822784424,11.291077613830566,-11.220386505126953,-6.931698799133301,-10.22427749633789,-10.5982666015625,-13.249935150146484,-9.24731159210205,-8.555994987487793,-12.294633865356445
498,25.803422927856445,29.568769454956055,27.562339782714844,28.969505310058594,23.059843063354492,25.923336029052734,26.690889358520508,30.87157440185547,33.02934646606445,29.71010971069336,26.3907527923584,26.924501419067383,26.52462387084961,29.555953979492188,30.33554458618164,24.62563133239746
499,20.303926467895508,26.99057388305664,25.207624435424805,23.681110382080078,23.547161102294922,23.878772735595703,26.758081436157227,33.07853698730469,25.335172653198242,23.891578674316406,25.019392013549805,22.995071411132812,25.001420974731445,28.217403411865234,32.25180435180664,25.36822509765625
